   1  -0.260  -0.246
   2  -0.246  -0.246
   3  -0.225  -0.251
   4  -0.081  -0.259
   5  -0.189  -0.273
   6  -0.377  -0.290
   7  -0.238  -0.308
   8  -0.382  -0.326
   9  -0.389  -0.342
  10  -0.484  -0.352
  11  -0.427  -0.358
  12  -0.354  -0.357
  13  -0.338  -0.352
  14  -0.304  -0.342
  15  -0.433  -0.330
  16  -0.366  -0.318
  17  -0.161  -0.305
  18  -0.351  -0.293
  19  -0.203  -0.283
  20  -0.230  -0.275
  21  -0.359  -0.268
  22  -0.245  -0.262
  23  -0.193  -0.257
  24  -0.353  -0.252
  25  -0.187  -0.246
  26  -0.263  -0.239
  27  -0.252  -0.232
  28  -0.180  -0.223
  29  -0.241  -0.213
  30  -0.256  -0.203
  31  -0.278  -0.194
  32  -0.062  -0.186
  33  -0.100  -0.181
  34  -0.196  -0.179
  35   0.028  -0.179
  36  -0.363  -0.182
  37  -0.171  -0.186
  38  -0.263  -0.190
  39  -0.181  -0.195
  40  -0.197  -0.201
  41  -0.174  -0.209
  42  -0.157  -0.219
  43  -0.135  -0.231
  44  -0.213  -0.246
  45  -0.323  -0.261
  46  -0.422  -0.275
  47  -0.226  -0.288
  48  -0.277  -0.297
  49  -0.396  -0.302
  50  -0.331  -0.304
  51  -0.345  -0.303
  52  -0.332  -0.300
  53  -0.232  -0.296
  54  -0.238  -0.291
  55  -0.252  -0.287
  56  -0.297  -0.283
  57  -0.339  -0.277
  58  -0.294  -0.271
  59  -0.328  -0.263
  60  -0.252  -0.253
  61  -0.199  -0.243
  62  -0.282  -0.233
  63  -0.152  -0.226
  64  -0.144  -0.221
  65  -0.139  -0.220
  66  -0.288  -0.221
  67  -0.178  -0.225
  68  -0.361  -0.231
  69  -0.159  -0.237
  70  -0.226  -0.244
  71  -0.232  -0.250
  72  -0.298  -0.257
  73  -0.193  -0.263
  74  -0.359  -0.267
  75  -0.294  -0.269
  76  -0.252  -0.269
  77  -0.271  -0.267
  78  -0.384  -0.263
  79  -0.222  -0.257
  80  -0.201  -0.251
  81  -0.236  -0.246
  82  -0.209  -0.241
  83  -0.201  -0.237
  84  -0.256  -0.233
  85  -0.291  -0.230
  86  -0.243  -0.227
  87  -0.199  -0.223
  88  -0.199  -0.219
  89  -0.201  -0.214
  90  -0.202  -0.209
  91  -0.287  -0.204
  92  -0.132  -0.198
  93  -0.201  -0.192
  94  -0.253  -0.186
  95  -0.192  -0.181
  96  -0.059  -0.178
  97  -0.123  -0.176
  98  -0.247  -0.176
  99  -0.132  -0.179
 100  -0.110  -0.182
 101  -0.268  -0.185
 102  -0.268  -0.188
 103  -0.165  -0.190
 104  -0.150  -0.192
 105  -0.219  -0.193
 106  -0.269  -0.194
 107  -0.050  -0.196
 108  -0.163  -0.198
 109  -0.271  -0.200
 110  -0.227  -0.201
 111  -0.183  -0.201
 112  -0.295  -0.199
 113  -0.171  -0.194
 114  -0.264  -0.189
 115  -0.130  -0.182
 116  -0.108  -0.176
 117  -0.193  -0.171
 118  -0.091  -0.168
 119  -0.249  -0.167
 120  -0.140  -0.168
 121  -0.088  -0.171
 122  -0.144  -0.175
 123  -0.225  -0.179
 124  -0.256  -0.181
 125  -0.184  -0.182
 126  -0.225  -0.182
 127  -0.222  -0.181
 128  -0.156  -0.181
 129  -0.101  -0.182
 130  -0.099  -0.186
 131  -0.098  -0.193
 132  -0.233  -0.202
 133  -0.321  -0.212
 134  -0.270  -0.221
 135  -0.244  -0.227
 136  -0.157  -0.232
 137  -0.317  -0.233
 138  -0.302  -0.234
 139  -0.209  -0.233
 140  -0.142  -0.234
 141  -0.175  -0.235
 142  -0.260  -0.239
 143  -0.287  -0.244
 144  -0.207  -0.251
 145  -0.227  -0.259
 146  -0.366  -0.267
 147  -0.205  -0.274
 148  -0.323  -0.280
 149  -0.162  -0.283
 150  -0.423  -0.282
 151  -0.399  -0.277
 152  -0.348  -0.269
 153  -0.224  -0.258
 154  -0.220  -0.245
 155  -0.157  -0.234
 156  -0.107  -0.225
 157  -0.265  -0.219
 158  -0.195  -0.217
 159  -0.329  -0.219
 160  -0.133  -0.225
 161  -0.050  -0.233
 162  -0.260  -0.245
 163  -0.345  -0.257
 164  -0.283  -0.270
 165  -0.276  -0.282
 166  -0.418  -0.293
 167  -0.252  -0.302
 168  -0.251  -0.310
 169  -0.271  -0.316
 170  -0.491  -0.322
 171  -0.247  -0.326
 172  -0.302  -0.330
 173  -0.371  -0.333
 174  -0.326  -0.334
 175  -0.372  -0.334
 176  -0.351  -0.333
 177  -0.432  -0.330
 178  -0.237  -0.326
 179  -0.163  -0.321
 180  -0.445  -0.314
 181  -0.401  -0.307
 182  -0.306  -0.299
 183  -0.233  -0.291
 184  -0.310  -0.283
 185  -0.218  -0.276
 186  -0.293  -0.272
 187  -0.138  -0.269
 188  -0.317  -0.268
 189  -0.276  -0.269
 190  -0.288  -0.272
 191  -0.274  -0.276
 192  -0.300  -0.280
 193  -0.215  -0.286
 194  -0.288  -0.292
 195  -0.275  -0.299
 196  -0.339  -0.305
 197  -0.342  -0.309
 198  -0.295  -0.312
 199  -0.416  -0.311
 200  -0.271  -0.307
 201  -0.356  -0.301
 202  -0.364  -0.293
 203  -0.222  -0.286
 204  -0.297  -0.280
 205  -0.137  -0.276
 206  -0.157  -0.276
 207  -0.320  -0.278
 208  -0.269  -0.281
 209  -0.448  -0.284
 210  -0.285  -0.286
 211  -0.328  -0.287
 212  -0.320  -0.288
 213  -0.165  -0.290
 214  -0.195  -0.294
 215  -0.274  -0.301
 216  -0.332  -0.309
 217  -0.313  -0.318
 218  -0.389  -0.325
 219  -0.363  -0.330
 220  -0.423  -0.330
 221  -0.367  -0.325
 222  -0.308  -0.318
 223  -0.344  -0.307
 224  -0.288  -0.297
 225  -0.197  -0.287
 226  -0.237  -0.280
 227  -0.200  -0.276
 228  -0.380  -0.274
 229  -0.180  -0.275
 230  -0.328  -0.278
 231  -0.237  -0.281
 232  -0.313  -0.283
 233  -0.382  -0.285
 234  -0.213  -0.283
 235  -0.228  -0.279
 236  -0.346  -0.271
 237  -0.423  -0.260
 238  -0.253  -0.245
 239  -0.266  -0.227
 240  -0.064  -0.207
 241  -0.252  -0.188
 242  -0.037  -0.169
 243  -0.234  -0.153
 244  -0.184  -0.140
 245  -0.041  -0.130
 246  -0.070  -0.124
 247  -0.061  -0.122
 248  -0.102  -0.123
 249  -0.174  -0.128
 250  -0.117  -0.134
 251  -0.120  -0.141
 252  -0.132  -0.148
 253  -0.126  -0.152
 254  -0.331  -0.155
 255  -0.208  -0.154
 256  -0.114  -0.152
 257  -0.136  -0.147
 258  -0.061  -0.143
 259  -0.120  -0.139
 260  -0.239  -0.138
 261  -0.082  -0.140
 262  -0.121  -0.146
 263  -0.066  -0.156
 264  -0.075  -0.171
 265  -0.173  -0.189
 266  -0.208  -0.209
 267  -0.277  -0.230
 268  -0.410  -0.249
 269  -0.227  -0.265
 270  -0.231  -0.279
 271  -0.404  -0.289
 272  -0.222  -0.297
 273  -0.271  -0.301
 274  -0.392  -0.302
 275  -0.338  -0.299
 276  -0.323  -0.293
 277  -0.335  -0.282
 278  -0.263  -0.267
 279  -0.313  -0.250
 280  -0.159  -0.232
 281  -0.329  -0.213
 282  -0.080  -0.197
 283  -0.117  -0.184
 284  -0.087  -0.176
 285  -0.190  -0.173
 286  -0.193  -0.175
 287  -0.074  -0.181
 288  -0.173  -0.190
 289  -0.190  -0.200
 290  -0.380  -0.211
 291  -0.108  -0.221
 292  -0.277  -0.230
 293  -0.281  -0.238
 294  -0.249  -0.245
 295  -0.224  -0.253
 296  -0.178  -0.263
 297  -0.262  -0.273
 298  -0.358  -0.285
 299  -0.184  -0.297
 300  -0.336  -0.309
 301  -0.399  -0.320
 302  -0.422  -0.329
 303  -0.293  -0.335
 304  -0.313  -0.339
 305  -0.383  -0.341
 306  -0.326  -0.341
 307  -0.346  -0.339
 308  -0.345  -0.336
 309  -0.364  -0.331
 310  -0.357  -0.327
 311  -0.306  -0.322
 312  -0.315  -0.318
 313  -0.227  -0.317
 314  -0.306  -0.318
 315  -0.303  -0.321
 316  -0.327  -0.328
 317  -0.284  -0.335
 318  -0.357  -0.343
 319  -0.379  -0.350
 320  -0.423  -0.355
 321  -0.422  -0.357
 322  -0.302  -0.356
 323  -0.435  -0.353
 324  -0.312  -0.349
 325  -0.319  -0.345
 326  -0.340  -0.340
 327  -0.317  -0.337
 328  -0.244  -0.334
 329  -0.380  -0.332
 330  -0.477  -0.331
 331  -0.283  -0.332
 332  -0.234  -0.334
 333  -0.348  -0.339
 334  -0.249  -0.347
 335  -0.353  -0.358
 336  -0.344  -0.371
 337  -0.386  -0.384
 338  -0.496  -0.396
 339  -0.439  -0.406
 340  -0.433  -0.413
 341  -0.455  -0.417
 342  -0.398  -0.418
 343  -0.452  -0.416
 344  -0.395  -0.413
 345  -0.389  -0.409
 346  -0.402  -0.404
 347  -0.432  -0.398
 348  -0.379  -0.390
 349  -0.398  -0.381
 350  -0.360  -0.370
 351  -0.446  -0.356
 352  -0.398  -0.341
 353  -0.279  -0.324
 354  -0.272  -0.305
 355  -0.285  -0.287
 356  -0.258  -0.269
 357  -0.225  -0.252
 358  -0.199  -0.236
 359  -0.391  -0.221
 360  -0.117  -0.208
 361  -0.117  -0.197
 362  -0.219  -0.190
 363  -0.177  -0.187
 364  -0.038  -0.189
 365  -0.112  -0.194
 366  -0.243  -0.202
 367  -0.274  -0.210
 368  -0.214  -0.217
 369  -0.363  -0.221
 370  -0.255  -0.222
 371  -0.208  -0.220
 372  -0.206  -0.217
 373  -0.157  -0.215
 374  -0.272  -0.215
 375  -0.088  -0.220
 376  -0.130  -0.229
 377  -0.165  -0.242
 378  -0.322  -0.256
 379  -0.227  -0.269
 380  -0.443  -0.278
 381  -0.432  -0.281
 382  -0.394  -0.277
 383  -0.272  -0.267
 384  -0.199  -0.253
 385  -0.156  -0.237
 386  -0.101  -0.222
 387  -0.298  -0.207
 388  -0.225  -0.195
 389  -0.230  -0.185
 390  -0.138  -0.177
 391  -0.050  -0.172
 392  -0.050  -0.169
 393  -0.332  -0.167
 394  -0.190  -0.165
 395  -0.094  -0.163
 396  -0.200  -0.159
 397  -0.225  -0.152
 398  -0.157  -0.144
 399  -0.208  -0.136
 400  -0.028  -0.128
 401  -0.106  -0.123
 402  -0.015  -0.121
 403  -0.007  -0.123
 404  -0.222  -0.130
 405  -0.188  -0.141
 406  -0.073  -0.155
 407  -0.116  -0.170
 408  -0.247  -0.186
 409  -0.161  -0.202
 410  -0.271  -0.216
 411  -0.222  -0.227
 412  -0.278  -0.235
 413  -0.398  -0.239
 414  -0.219  -0.241
 415  -0.219  -0.241
 416  -0.199  -0.240
 417  -0.203  -0.242
 418  -0.206  -0.244
 419  -0.133  -0.249
 420  -0.257  -0.253
 421  -0.481  -0.256
 422  -0.266  -0.257
 423  -0.278  -0.253
 424  -0.237  -0.246
 425  -0.221  -0.235
 426  -0.316  -0.222
 427  -0.174  -0.209
 428  -0.180  -0.196
 429  -0.097  -0.184
 430  -0.157  -0.175
 431  -0.155  -0.169
 432  -0.252  -0.166
 433  -0.087  -0.166
 434  -0.104  -0.169
 435  -0.086  -0.174
 436  -0.293  -0.181
 437  -0.173  -0.189
 438  -0.188  -0.196
 439  -0.252  -0.202
 440  -0.225  -0.206
 441  -0.214  -0.207
 442  -0.195  -0.205
 443  -0.249  -0.201
 444  -0.231  -0.194
 445  -0.215  -0.186
 446  -0.143  -0.176
 447  -0.177  -0.167
 448  -0.117  -0.158
 449  -0.140  -0.151
 450  -0.092  -0.146
 451  -0.132  -0.144
 452  -0.142  -0.143
 453  -0.170  -0.144
 454  -0.148  -0.147
 455  -0.144  -0.152
 456  -0.164  -0.158
 457  -0.098  -0.167
 458  -0.092  -0.178
 459  -0.146  -0.190
 460  -0.359  -0.203
 461  -0.212  -0.215
 462  -0.236  -0.226
 463  -0.206  -0.235
 464  -0.288  -0.242
 465  -0.279  -0.247
 466  -0.258  -0.251
 467  -0.206  -0.254
 468  -0.288  -0.255
 469  -0.245  -0.256
 470  -0.257  -0.257
 471  -0.272  -0.258
 472  -0.265  -0.258
 473  -0.249  -0.258
 474  -0.262  -0.258
 475  -0.252  -0.258
 476  -0.263  -0.259
 477  -0.269  -0.260
 478  -0.184  -0.260
 479  -0.331  -0.262
 480  -0.275  -0.263
 481  -0.246  -0.264
 482  -0.246  -0.266
 483  -0.258  -0.267
 484  -0.298  -0.268
 485  -0.259  -0.267
 486  -0.295  -0.266
 487  -0.238  -0.265
 488  -0.377  -0.263
 489  -0.240  -0.263
 490  -0.136  -0.264
 491  -0.194  -0.268
 492  -0.325  -0.274
 493  -0.269  -0.283
 494  -0.251  -0.293
 495  -0.369  -0.304
 496  -0.237  -0.314
 497  -0.415  -0.322
 498  -0.421  -0.328
 499  -0.329  -0.332
 500  -0.300  -0.335
 501  -0.316  -0.337
 502  -0.285  -0.339
 503  -0.376  -0.341
 504  -0.316  -0.343
 505  -0.371  -0.344
 506  -0.370  -0.342
 507  -0.397  -0.339
 508  -0.418  -0.333
 509  -0.255  -0.325
 510  -0.316  -0.316
 511  -0.293  -0.307
 512  -0.329  -0.299
 513  -0.175  -0.292
 514  -0.346  -0.288
 515  -0.220  -0.287
 516  -0.296  -0.288
 517  -0.301  -0.292
 518  -0.239  -0.296
 519  -0.321  -0.302
 520  -0.353  -0.307
 521  -0.201  -0.311
 522  -0.447  -0.314
 523  -0.383  -0.314
 524  -0.302  -0.313
 525  -0.251  -0.309
 526  -0.328  -0.305
 527  -0.252  -0.299
 528  -0.416  -0.295
 529  -0.262  -0.293
 530  -0.238  -0.294
 531  -0.196  -0.301
 532  -0.247  -0.313
 533  -0.356  -0.331
 534  -0.206  -0.355
 535  -0.206  -0.381
 536  -0.689  -0.409
 537  -0.580  -0.435
 538  -0.445  -0.459
 539  -0.416  -0.479
 540  -0.468  -0.497
 541  -0.557  -0.511
 542  -0.486  -0.521
 543  -0.591  -0.527
 544  -0.592  -0.529
 545  -0.622  -0.525
 546  -0.592  -0.517
 547  -0.506  -0.505
 548  -0.421  -0.490
 549  -0.404  -0.473
 550  -0.490  -0.455
 551  -0.395  -0.436
 552  -0.566  -0.415
 553  -0.386  -0.393
 554  -0.396  -0.371
 555  -0.326  -0.349
 556  -0.290  -0.327
 557  -0.253  -0.309
 558  -0.266  -0.294
 559  -0.209  -0.283
 560  -0.240  -0.275
 561  -0.352  -0.271
 562  -0.263  -0.269
 563  -0.225  -0.269
 564  -0.215  -0.271
 565  -0.312  -0.274
 566  -0.327  -0.279
 567  -0.206  -0.284
 568  -0.327  -0.290
 569  -0.217  -0.295
 570  -0.334  -0.300
 571  -0.371  -0.303
 572  -0.312  -0.305
 573  -0.342  -0.304
 574  -0.327  -0.301
 575  -0.331  -0.297
 576  -0.165  -0.291
 577  -0.353  -0.285
 578  -0.263  -0.279
 579  -0.283  -0.271
 580  -0.232  -0.263
 581  -0.236  -0.254
 582  -0.429  -0.243
 583  -0.232  -0.231
 584  -0.150  -0.219
 585  -0.162  -0.207
 586  -0.135  -0.198
 587  -0.167  -0.190
 588  -0.124  -0.183
 589  -0.338  -0.178
 590  -0.182  -0.175
 591  -0.151  -0.174
 592  -0.130  -0.175
 593  -0.145  -0.180
 594  -0.068  -0.189
 595  -0.032  -0.201
 596  -0.347  -0.214
 597  -0.262  -0.227
 598  -0.371  -0.236
 599  -0.385  -0.242
 600  -0.224  -0.243
 601  -0.174  -0.242
 602  -0.167  -0.239
 603  -0.297  -0.238
 604  -0.195  -0.239
 605  -0.140  -0.243
 606  -0.184  -0.249
 607  -0.344  -0.256
 608  -0.327  -0.262
 609  -0.247  -0.267
 610  -0.382  -0.271
 611  -0.241  -0.272
 612  -0.237  -0.272
 613  -0.263  -0.272
 614  -0.272  -0.273
 615  -0.338  -0.276
 616  -0.139  -0.282
 617  -0.219  -0.290
 618  -0.319  -0.301
 619  -0.372  -0.313
 620  -0.282  -0.326
 621  -0.424  -0.338
 622  -0.287  -0.349
 623  -0.464  -0.358
 624  -0.357  -0.366
 625  -0.338  -0.371
 626  -0.283  -0.374
 627  -0.514  -0.375
 628  -0.492  -0.374
 629  -0.296  -0.373
 630  -0.319  -0.372
 631  -0.398  -0.372
 632  -0.320  -0.374
 633  -0.291  -0.379
 634  -0.379  -0.385
 635  -0.378  -0.392
 636  -0.518  -0.399
 637  -0.453  -0.405
 638  -0.363  -0.408
 639  -0.426  -0.408
 640  -0.448  -0.405
 641  -0.417  -0.401
 642  -0.375  -0.395
 643  -0.424  -0.388
 644  -0.358  -0.382
 645  -0.327  -0.375
 646  -0.364  -0.370
 647  -0.335  -0.364
 648  -0.458  -0.359
 649  -0.301  -0.354
 650  -0.385  -0.349
 651  -0.335  -0.343
 652  -0.319  -0.337
 653  -0.302  -0.330
 654  -0.376  -0.323
 655  -0.334  -0.317
 656  -0.376  -0.313
 657  -0.188  -0.312
 658  -0.224  -0.313
 659  -0.218  -0.316
 660  -0.348  -0.320
 661  -0.410  -0.323
 662  -0.449  -0.324
 663  -0.394  -0.322
 664  -0.283  -0.317
 665  -0.356  -0.310
 666  -0.183  -0.301
 667  -0.202  -0.292
 668  -0.326  -0.281
 669  -0.396  -0.271
 670  -0.285  -0.261
 671  -0.231  -0.252
 672  -0.264  -0.244
 673  -0.125  -0.240
 674  -0.137  -0.240
 675  -0.215  -0.245
 676  -0.215  -0.254
 677  -0.227  -0.266
 678  -0.416  -0.281
 679  -0.307  -0.295
 680  -0.250  -0.307
 681  -0.296  -0.318
 682  -0.484  -0.325
 683  -0.335  -0.330
 684  -0.302  -0.332
 685  -0.370  -0.331
 686  -0.250  -0.329
 687  -0.348  -0.325
 688  -0.348  -0.318
 689  -0.352  -0.309
 690  -0.418  -0.297
 691  -0.220  -0.284
 692  -0.225  -0.269
 693  -0.358  -0.255
 694  -0.112  -0.241
 695  -0.241  -0.231
 696  -0.132  -0.223
 697  -0.236  -0.219
 698  -0.220  -0.217
 699  -0.133  -0.218
 700  -0.306  -0.220
 701  -0.226  -0.223
 702  -0.302  -0.228
 703  -0.118  -0.233
 704  -0.194  -0.238
 705  -0.177  -0.244
 706  -0.294  -0.250
 707  -0.478  -0.255
 708  -0.182  -0.259
 709  -0.184  -0.261
 710  -0.300  -0.262
 711  -0.293  -0.263
 712  -0.275  -0.265
 713  -0.243  -0.267
 714  -0.218  -0.271
 715  -0.149  -0.277
 716  -0.411  -0.283
 717  -0.262  -0.290
 718  -0.306  -0.295
 719  -0.372  -0.299
 720  -0.334  -0.300
 721  -0.354  -0.299
 722  -0.188  -0.295
 723  -0.296  -0.290
 724  -0.333  -0.283
 725  -0.316  -0.274
 726  -0.238  -0.264
 727  -0.282  -0.253
 728  -0.222  -0.242
 729  -0.260  -0.231
 730  -0.183  -0.221
 731  -0.193  -0.213
 732  -0.193  -0.208
 733  -0.155  -0.207
 734  -0.196  -0.210
 735  -0.178  -0.217
 736  -0.162  -0.228
 737  -0.221  -0.243
 738  -0.325  -0.260
 739  -0.227  -0.279
 740  -0.268  -0.297
 741  -0.350  -0.312
 742  -0.372  -0.324
 743  -0.399  -0.330
 744  -0.489  -0.330
 745  -0.335  -0.325
 746  -0.295  -0.316
 747  -0.366  -0.305
 748  -0.186  -0.294
 749  -0.193  -0.285
 750  -0.233  -0.279
 751  -0.304  -0.276
 752  -0.319  -0.275
 753  -0.188  -0.276
 754  -0.382  -0.278
 755  -0.192  -0.279
 756  -0.340  -0.279
 757  -0.351  -0.277
 758  -0.257  -0.274
 759  -0.218  -0.269
 760  -0.285  -0.262
 761  -0.272  -0.255
 762  -0.314  -0.247
 763  -0.234  -0.241
 764  -0.157  -0.237
 765  -0.121  -0.237
 766  -0.308  -0.241
 767  -0.212  -0.249
 768  -0.138  -0.263
 769  -0.276  -0.280
 770  -0.313  -0.300
 771  -0.291  -0.320
 772  -0.385  -0.337
 773  -0.439  -0.350
 774  -0.460  -0.358
 775  -0.435  -0.359
 776  -0.338  -0.355
 777  -0.390  -0.346
 778  -0.265  -0.333
 779  -0.321  -0.318
 780  -0.378  -0.303
 781  -0.247  -0.287
 782  -0.234  -0.272
 783  -0.257  -0.258
 784  -0.312  -0.246
 785  -0.173  -0.236
 786  -0.135  -0.229
 787  -0.194  -0.225
 788  -0.249  -0.223
 789  -0.288  -0.222
 790  -0.070  -0.224
 791  -0.420  -0.226
 792  -0.151  -0.231
 793  -0.181  -0.237
 794  -0.227  -0.246
 795  -0.227  -0.259
 796  -0.233  -0.275
 797  -0.314  -0.295
 798  -0.251  -0.318
 799  -0.247  -0.342
 800  -0.512  -0.366
 801  -0.383  -0.388
 802  -0.471  -0.407
 803  -0.426  -0.421
 804  -0.555  -0.430
 805  -0.414  -0.435
 806  -0.459  -0.436
 807  -0.511  -0.435
 808  -0.322  -0.433
 809  -0.380  -0.433
 810  -0.492  -0.435
 811  -0.322  -0.440
 812  -0.418  -0.445
 813  -0.473  -0.449
 814  -0.508  -0.450
 815  -0.568  -0.446
 816  -0.503  -0.435
 817  -0.475  -0.418
 818  -0.499  -0.397
 819  -0.369  -0.373
 820  -0.246  -0.349
 821  -0.202  -0.330
 822  -0.281  -0.317
 823  -0.205  -0.310
 824  -0.239  -0.309
 825  -0.293  -0.312
 826  -0.446  -0.317
 827  -0.371  -0.322
 828  -0.319  -0.324
 829  -0.391  -0.323
 830  -0.281  -0.318
 831  -0.332  -0.309
 832  -0.365  -0.297
 833  -0.263  -0.284
 834  -0.271  -0.269
 835  -0.263  -0.253
 836  -0.186  -0.238
 837  -0.236  -0.224
 838  -0.215  -0.212
 839  -0.233  -0.203
 840  -0.095  -0.198
 841  -0.074  -0.197
 842  -0.244  -0.201
 843  -0.226  -0.209
 844  -0.136  -0.220
 845  -0.215  -0.235
 846  -0.317  -0.253
 847  -0.238  -0.273
 848  -0.319  -0.295
 849  -0.230  -0.317
 850  -0.268  -0.340
 851  -0.418  -0.361
 852  -0.505  -0.379
 853  -0.357  -0.392
 854  -0.590  -0.400
 855  -0.454  -0.403
 856  -0.399  -0.401
 857  -0.283  -0.396
 858  -0.364  -0.390
 859  -0.421  -0.384
 860  -0.421  -0.379
 861  -0.359  -0.374
 862  -0.284  -0.371
 863  -0.392  -0.368
 864  -0.396  -0.365
 865  -0.401  -0.362
 866  -0.308  -0.359
 867  -0.361  -0.356
 868  -0.373  -0.351
 869  -0.276  -0.344
 870  -0.442  -0.334
 871  -0.389  -0.322
 872  -0.325  -0.307
 873  -0.284  -0.290
 874  -0.206  -0.271
 875  -0.309  -0.252
 876  -0.322  -0.235
 877  -0.080  -0.221
 878  -0.151  -0.212
 879  -0.074  -0.209
 880  -0.155  -0.209
 881  -0.303  -0.213
 882  -0.163  -0.219
 883  -0.277  -0.223
 884  -0.447  -0.225
 885  -0.187  -0.225
 886  -0.152  -0.221
 887  -0.130  -0.216
 888  -0.285  -0.209
 889  -0.264  -0.202
 890  -0.102  -0.194
 891  -0.238  -0.185
 892  -0.207  -0.177
 893  -0.221  -0.171
 894  -0.074  -0.168
 895  -0.078  -0.169
 896  -0.139  -0.177
 897  -0.168  -0.193
 898  -0.102  -0.215
 899  -0.104  -0.245
 900  -0.317  -0.278
 901  -0.380  -0.313
 902  -0.293  -0.347
 903  -0.578  -0.377
 904  -0.456  -0.401
 905  -0.464  -0.418
 906  -0.402  -0.428
 907  -0.535  -0.432
 908  -0.434  -0.431
 909  -0.417  -0.427
 910  -0.375  -0.422
 911  -0.455  -0.414
 912  -0.415  -0.406
 913  -0.363  -0.397
 914  -0.402  -0.386
 915  -0.421  -0.375
 916  -0.440  -0.363
 917  -0.232  -0.349
 918  -0.404  -0.335
 919  -0.250  -0.321
 920  -0.363  -0.307
 921  -0.316  -0.294
 922  -0.236  -0.283
 923  -0.195  -0.273
 924  -0.222  -0.265
 925  -0.323  -0.259
 926  -0.338  -0.253
 927  -0.189  -0.248
 928  -0.190  -0.243
 929  -0.224  -0.238
 930  -0.312  -0.233
 931  -0.126  -0.228
 932  -0.323  -0.221
 933  -0.252  -0.215
 934  -0.240  -0.210
 935  -0.174  -0.207
 936  -0.035  -0.208
 937  -0.193  -0.213
 938  -0.165  -0.222
 939  -0.149  -0.234
 940  -0.429  -0.248
 941  -0.239  -0.263
 942  -0.297  -0.276
 943  -0.307  -0.288
 944  -0.309  -0.298
 945  -0.301  -0.306
 946  -0.265  -0.312
 947  -0.418  -0.317
 948  -0.329  -0.320
 949  -0.219  -0.323
 950  -0.386  -0.324
 951  -0.377  -0.324
 952  -0.315  -0.323
 953  -0.357  -0.321
 954  -0.232  -0.319
 955  -0.315  -0.316
 956  -0.386  -0.313
 957  -0.206  -0.310
 958  -0.430  -0.305
 959  -0.293  -0.299
 960  -0.201  -0.290
 961  -0.356  -0.278
 962  -0.436  -0.265
 963  -0.201  -0.249
 964  -0.239  -0.233
 965  -0.050  -0.219
 966  -0.186  -0.207
 967  -0.323  -0.199
 968  -0.080  -0.195
 969  -0.126  -0.195
 970  -0.105  -0.197
 971  -0.222  -0.200
 972  -0.287  -0.202
 973  -0.313  -0.200
 974  -0.279  -0.193
 975  -0.227  -0.181
 976  -0.167  -0.165
 977  -0.112  -0.147
 978  -0.051  -0.129
 979  -0.107  -0.112
 980  -0.049  -0.098
 981  -0.126  -0.087
 982  -0.026  -0.079
 983  -0.011  -0.073
 984  -0.064  -0.068
 985  -0.218  -0.064
 986   0.050  -0.060
 987  -0.146  -0.055
 988  -0.069  -0.051
 989   0.046  -0.048
 990   0.060  -0.045
 991  -0.117  -0.044
 992  -0.066  -0.045
 993  -0.057  -0.048
 994  -0.130  -0.054
 995   0.133  -0.063
 996   0.019  -0.076
 997  -0.175  -0.094
 998  -0.029  -0.114
 999  -0.164  -0.137
1000  -0.157  -0.159
1001  -0.168  -0.179
1002  -0.275  -0.196
1003  -0.347  -0.208
1004  -0.298  -0.215
1005  -0.176  -0.218
1006  -0.211  -0.218
1007  -0.149  -0.216
1008  -0.127  -0.213
1009  -0.284  -0.210
1010  -0.246  -0.204
1011  -0.263  -0.196
1012  -0.225  -0.186
1013  -0.212  -0.173
1014  -0.133  -0.160
1015  -0.124  -0.146
1016  -0.104  -0.134
1017   0.034  -0.124
1018  -0.136  -0.117
1019  -0.243  -0.112
1020  -0.023  -0.108
1021  -0.163  -0.105
1022  -0.032  -0.103
1023  -0.110  -0.100
1024  -0.051  -0.096
1025  -0.271  -0.092
1026  -0.089  -0.088
1027   0.033  -0.084
1028  -0.048  -0.082
1029  -0.108  -0.083
1030  -0.043  -0.087
1031  -0.032  -0.094
1032  -0.125  -0.105
1033  -0.059  -0.119
1034  -0.082  -0.134
1035  -0.236  -0.150
1036  -0.228  -0.165
1037  -0.176  -0.178
1038  -0.212  -0.189
1039  -0.177  -0.197
1040  -0.187  -0.204
1041  -0.240  -0.208
1042  -0.309  -0.211
1043  -0.156  -0.212
1044  -0.168  -0.213
1045  -0.265  -0.213
1046  -0.201  -0.214
1047  -0.240  -0.215
1048  -0.111  -0.216
1049  -0.249  -0.217
1050  -0.214  -0.218
1051  -0.341  -0.218
1052  -0.174  -0.216
1053  -0.164  -0.212
1054  -0.288  -0.206
1055  -0.257  -0.198
1056  -0.130  -0.189
1057  -0.121  -0.179
1058  -0.199  -0.168
1059  -0.230  -0.157
1060  -0.200  -0.148
1061  -0.012  -0.141
1062  -0.074  -0.137
1063  -0.123  -0.138
1064  -0.087  -0.142
1065  -0.187  -0.151
1066  -0.060  -0.162
1067  -0.144  -0.175
1068  -0.288  -0.186
1069  -0.275  -0.196
1070  -0.207  -0.204
1071  -0.270  -0.208
1072  -0.301  -0.212
1073  -0.043  -0.215
1074  -0.149  -0.218
1075  -0.157  -0.222
1076  -0.344  -0.226
1077  -0.271  -0.229
1078  -0.224  -0.231
1079  -0.259  -0.229
1080  -0.313  -0.224
1081  -0.220  -0.216
1082  -0.234  -0.205
1083  -0.130  -0.192
1084  -0.145  -0.179
1085  -0.165  -0.166
1086  -0.195  -0.154
1087  -0.099  -0.142
1088  -0.249  -0.132
1089  -0.045  -0.123
1090  -0.080  -0.119
1091   0.022  -0.118
1092  -0.190  -0.122
1093  -0.042  -0.131
1094  -0.110  -0.142
1095  -0.062  -0.156
1096  -0.350  -0.169
1097  -0.190  -0.179
1098  -0.232  -0.186
1099  -0.237  -0.188
1100  -0.234  -0.186
1101  -0.239  -0.181
1102  -0.097  -0.175
1103  -0.129  -0.170
1104  -0.148  -0.169
1105  -0.116  -0.171
1106  -0.076  -0.178
1107  -0.135  -0.189
1108  -0.232  -0.200
1109  -0.259  -0.211
1110  -0.359  -0.219
1111  -0.274  -0.223
1112  -0.266  -0.223
1113  -0.181  -0.221
1114  -0.207  -0.218
1115  -0.190  -0.216
1116  -0.149  -0.218
1117  -0.116  -0.225
1118  -0.279  -0.237
1119  -0.148  -0.254
1120  -0.246  -0.273
1121  -0.325  -0.293
1122  -0.478  -0.312
1123  -0.269  -0.327
1124  -0.348  -0.337
1125  -0.508  -0.342
1126  -0.315  -0.342
1127  -0.304  -0.337
1128  -0.399  -0.328
1129  -0.404  -0.316
1130  -0.265  -0.303
1131  -0.206  -0.291
1132  -0.268  -0.281
1133  -0.234  -0.273
1134  -0.270  -0.268
1135  -0.180  -0.266
1136  -0.350  -0.266
1137  -0.240  -0.266
1138  -0.225  -0.266
1139  -0.221  -0.264
1140  -0.531  -0.260
1141  -0.278  -0.255
1142  -0.155  -0.248
1143  -0.176  -0.242
1144  -0.142  -0.238
1145  -0.279  -0.237
1146  -0.228  -0.239
1147  -0.239  -0.244
1148  -0.222  -0.251
1149  -0.214  -0.260
1150  -0.183  -0.268
1151  -0.497  -0.274
1152  -0.304  -0.278
1153  -0.211  -0.279
1154  -0.426  -0.277
1155  -0.199  -0.273
1156  -0.239  -0.267
1157  -0.290  -0.262
1158  -0.224  -0.258
1159  -0.206  -0.256
1160  -0.212  -0.256
1161  -0.353  -0.258
1162  -0.186  -0.261
1163  -0.263  -0.265
1164  -0.222  -0.269
1165  -0.338  -0.272
1166  -0.392  -0.275
1167  -0.295  -0.276
1168  -0.138  -0.277
1169  -0.213  -0.277
1170  -0.321  -0.275
1171  -0.389  -0.272
1172  -0.276  -0.267
1173  -0.317  -0.261
1174  -0.245  -0.255
1175  -0.162  -0.249
1176  -0.202  -0.244
1177  -0.187  -0.240
1178  -0.269  -0.238
1179  -0.259  -0.237
1180  -0.312  -0.237
1181  -0.154  -0.236
1182  -0.308  -0.235
1183  -0.208  -0.235
1184  -0.195  -0.235
1185  -0.155  -0.236
1186  -0.338  -0.238
1187  -0.295  -0.241
1188  -0.097  -0.246
1189  -0.263  -0.253
1190  -0.298  -0.261
1191  -0.270  -0.270
1192  -0.190  -0.281
1193  -0.302  -0.292
1194  -0.341  -0.302
1195  -0.319  -0.310
1196  -0.440  -0.316
1197  -0.262  -0.319
1198  -0.410  -0.320
1199  -0.240  -0.320
1200  -0.335  -0.320
1201  -0.300  -0.322
1202  -0.347  -0.326
1203  -0.209  -0.332
1204  -0.289  -0.341
1205  -0.326  -0.352
1206  -0.459  -0.363
1207  -0.496  -0.374
1208  -0.282  -0.382
1209  -0.413  -0.389
1210  -0.548  -0.393
1211  -0.270  -0.395
1212  -0.289  -0.396
1213  -0.525  -0.396
1214  -0.402  -0.394
1215  -0.423  -0.390
1216  -0.415  -0.383
1217  -0.390  -0.375
1218  -0.303  -0.364
1219  -0.384  -0.351
1220  -0.402  -0.336
1221  -0.319  -0.319
1222  -0.300  -0.302
1223  -0.245  -0.285
1224  -0.334  -0.270
1225  -0.151  -0.256
1226  -0.241  -0.246
1227  -0.213  -0.241
1228  -0.219  -0.240
1229  -0.165  -0.245
1230  -0.199  -0.254
1231  -0.230  -0.268
1232  -0.268  -0.285
1233  -0.378  -0.302
1234  -0.325  -0.318
1235  -0.361  -0.332
1236  -0.353  -0.343
1237  -0.428  -0.349
1238  -0.407  -0.351
1239  -0.398  -0.350
1240  -0.276  -0.347
1241  -0.300  -0.342
1242  -0.297  -0.336
1243  -0.416  -0.329
1244  -0.344  -0.321
1245  -0.310  -0.312
1246  -0.340  -0.301
1247  -0.282  -0.291
1248  -0.284  -0.281
1249  -0.241  -0.273
1250  -0.154  -0.267
1251  -0.225  -0.263
1252  -0.377  -0.262
1253  -0.218  -0.264
1254  -0.308  -0.269
1255  -0.186  -0.277
1256  -0.237  -0.288
1257  -0.183  -0.302
1258  -0.322  -0.317
1259  -0.524  -0.331
1260  -0.369  -0.344
1261  -0.326  -0.353
1262  -0.279  -0.359
1263  -0.541  -0.361
1264  -0.413  -0.359
1265  -0.319  -0.355
1266  -0.332  -0.350
1267  -0.333  -0.345
1268  -0.232  -0.341
1269  -0.293  -0.338
1270  -0.414  -0.335
1271  -0.471  -0.333
1272  -0.297  -0.332
1273  -0.276  -0.331
1274  -0.353  -0.334
1275  -0.161  -0.338
1276  -0.298  -0.346
1277  -0.413  -0.355
1278  -0.389  -0.366
1279  -0.440  -0.376
1280  -0.416  -0.384
1281  -0.372  -0.390
1282  -0.399  -0.392
1283  -0.433  -0.392
1284  -0.388  -0.390
1285  -0.407  -0.387
1286  -0.468  -0.383
1287  -0.293  -0.381
1288  -0.243  -0.381
1289  -0.442  -0.383
1290  -0.352  -0.388
1291  -0.391  -0.395
1292  -0.309  -0.403
1293  -0.552  -0.410
1294  -0.471  -0.415
1295  -0.392  -0.418
1296  -0.403  -0.417
1297  -0.504  -0.412
1298  -0.396  -0.403
1299  -0.404  -0.391
1300  -0.472  -0.376
1301  -0.256  -0.359
1302  -0.435  -0.340
1303  -0.290  -0.321
1304  -0.256  -0.302
1305  -0.331  -0.286
1306  -0.246  -0.272
1307  -0.126  -0.263
1308  -0.239  -0.257
1309  -0.294  -0.256
1310  -0.226  -0.259
1311  -0.136  -0.265
1312  -0.364  -0.272
1313  -0.289  -0.281
1314  -0.358  -0.289
1315  -0.214  -0.296
1316  -0.296  -0.301
1317  -0.402  -0.303
1318  -0.331  -0.303
1319  -0.272  -0.300
1320  -0.391  -0.295
1321  -0.228  -0.287
1322  -0.238  -0.279
1323  -0.369  -0.271
1324  -0.276  -0.264
1325  -0.156  -0.261
1326  -0.199  -0.260
1327  -0.178  -0.265
1328  -0.283  -0.273
1329  -0.258  -0.284
1330  -0.395  -0.298
1331  -0.249  -0.313
1332  -0.316  -0.329
1333  -0.336  -0.342
1334  -0.424  -0.353
1335  -0.360  -0.361
1336  -0.455  -0.365
1337  -0.383  -0.366
1338  -0.468  -0.364
1339  -0.264  -0.361
1340  -0.340  -0.358
1341  -0.298  -0.358
1342  -0.352  -0.361
1343  -0.297  -0.368
1344  -0.259  -0.376
1345  -0.487  -0.384
1346  -0.471  -0.391
1347  -0.485  -0.392
1348  -0.409  -0.388
1349  -0.392  -0.377
1350  -0.524  -0.359
1351  -0.328  -0.337
1352  -0.276  -0.311
1353  -0.264  -0.285
1354  -0.322  -0.260
1355  -0.061  -0.239
1356  -0.121  -0.222
1357  -0.213  -0.208
1358  -0.209  -0.197
1359  -0.256  -0.188
1360  -0.264  -0.180
1361  -0.150  -0.171
1362  -0.037  -0.164
1363  -0.232  -0.158
1364  -0.154  -0.155
1365  -0.069  -0.156
1366  -0.098  -0.162
1367  -0.081  -0.172
1368  -0.192  -0.186
1369  -0.167  -0.201
1370  -0.314  -0.216
1371  -0.263  -0.229
1372  -0.403  -0.239
1373  -0.178  -0.247
1374  -0.214  -0.252
1375  -0.228  -0.256
1376  -0.252  -0.260
1377  -0.307  -0.263
1378  -0.208  -0.267
1379  -0.290  -0.270
1380  -0.276  -0.271
1381  -0.352  -0.272
1382  -0.282  -0.270
1383  -0.327  -0.267
1384  -0.165  -0.262
1385  -0.232  -0.257
1386  -0.264  -0.253
1387  -0.346  -0.249
1388  -0.182  -0.248
1389  -0.227  -0.250
1390  -0.135  -0.253
1391  -0.186  -0.258
1392  -0.314  -0.264
1393  -0.435  -0.268
1394  -0.303  -0.271
1395  -0.245  -0.271
1396  -0.308  -0.269
1397  -0.207  -0.265
1398  -0.249  -0.259
1399  -0.255  -0.250
1400  -0.247  -0.240
1401  -0.290  -0.228
1402  -0.339  -0.214
1403  -0.163  -0.198
1404  -0.138  -0.182
1405  -0.142  -0.168
1406  -0.048  -0.155
1407  -0.123  -0.145
1408  -0.237  -0.138
1409  -0.078  -0.134
1410  -0.085  -0.132
1411  -0.110  -0.132
1412  -0.192  -0.134
1413  -0.025  -0.136
1414  -0.253  -0.138
1415  -0.181  -0.141
1416  -0.092  -0.145
1417  -0.132  -0.149
1418  -0.094  -0.155
1419  -0.123  -0.160
1420  -0.163  -0.165
1421  -0.221  -0.169
1422  -0.281  -0.170
1423  -0.307  -0.168
1424  -0.113  -0.165
1425  -0.041  -0.160
1426  -0.114  -0.156
1427  -0.112  -0.153
1428  -0.188  -0.152
1429  -0.209  -0.151
1430  -0.177  -0.151
1431  -0.072  -0.152
1432  -0.138  -0.152
1433  -0.227  -0.151
1434  -0.072  -0.149
1435  -0.266  -0.146
1436  -0.158  -0.141
1437  -0.048  -0.136
1438  -0.174  -0.130
1439  -0.116  -0.124
1440  -0.083  -0.120
1441  -0.222  -0.119
1442  -0.066  -0.122
1443   0.080  -0.131
1444  -0.168  -0.145
1445  -0.001  -0.164
1446  -0.236  -0.186
1447  -0.202  -0.210
1448  -0.394  -0.234
1449  -0.382  -0.255
1450  -0.192  -0.274
1451  -0.266  -0.291
1452  -0.227  -0.305
1453  -0.357  -0.317
1454  -0.370  -0.327
1455  -0.390  -0.335
1456  -0.383  -0.341
1457  -0.359  -0.344
1458  -0.290  -0.344
1459  -0.365  -0.342
1460  -0.382  -0.338
1461  -0.294  -0.332
1462  -0.420  -0.326
1463  -0.268  -0.318
1464  -0.334  -0.308
1465  -0.200  -0.298
1466  -0.356  -0.287
1467  -0.300  -0.274
1468  -0.357  -0.260
1469  -0.208  -0.246
1470  -0.200  -0.232
1471  -0.173  -0.220
1472  -0.217  -0.210
1473  -0.135  -0.204
1474  -0.111  -0.202
1475  -0.333  -0.204
1476  -0.026  -0.209
1477  -0.307  -0.217
1478  -0.213  -0.226
1479  -0.231  -0.234
1480  -0.161  -0.242
1481  -0.447  -0.247
1482  -0.196  -0.248
1483  -0.301  -0.246
1484  -0.327  -0.240
1485  -0.197  -0.230
1486  -0.170  -0.219
1487  -0.230  -0.206
1488  -0.279  -0.194
1489  -0.102  -0.183
1490  -0.097  -0.174
1491  -0.140  -0.167
1492  -0.142  -0.163
1493  -0.161  -0.160
1494  -0.262  -0.159
1495  -0.169  -0.159
1496  -0.076  -0.160
1497  -0.108  -0.162
1498  -0.174  -0.166
1499  -0.192  -0.170
1500  -0.126  -0.175
1501  -0.123  -0.179
1502  -0.354  -0.183
1503  -0.302  -0.186
1504  -0.074  -0.188
1505  -0.125  -0.191
1506  -0.167  -0.195
1507  -0.108  -0.200
1508  -0.238  -0.208
1509  -0.361  -0.216
1510  -0.173  -0.225
1511  -0.240  -0.233
1512  -0.144  -0.241
1513  -0.266  -0.248
1514  -0.308  -0.254
1515  -0.322  -0.259
1516  -0.326  -0.263
1517  -0.231  -0.267
1518  -0.196  -0.273
1519  -0.186  -0.280
1520  -0.274  -0.290
1521  -0.336  -0.301
1522  -0.306  -0.315
1523  -0.342  -0.328
1524  -0.401  -0.342
1525  -0.370  -0.354
1526  -0.314  -0.364
1527  -0.351  -0.371
1528  -0.363  -0.374
1529  -0.557  -0.373
1530  -0.446  -0.366
1531  -0.364  -0.355
1532  -0.279  -0.338
1533  -0.397  -0.319
1534  -0.301  -0.298
1535  -0.266  -0.277
1536  -0.202  -0.260
1537  -0.227  -0.248
1538  -0.148  -0.241
1539  -0.087  -0.240
1540  -0.220  -0.243
1541  -0.322  -0.249
1542  -0.289  -0.256
1543  -0.277  -0.261
1544  -0.378  -0.262
1545  -0.312  -0.260
1546  -0.213  -0.254
1547  -0.297  -0.246
1548  -0.170  -0.237
1549  -0.202  -0.230
1550  -0.218  -0.224
1551  -0.197  -0.221
1552  -0.188  -0.221
1553  -0.140  -0.224
1554  -0.227  -0.227
1555  -0.348  -0.231
1556  -0.271  -0.233
1557  -0.194  -0.233
1558  -0.255  -0.231
1559  -0.230  -0.226
1560  -0.290  -0.219
1561  -0.192  -0.212
1562  -0.207  -0.206
1563  -0.193  -0.201
1564  -0.120  -0.201
1565  -0.111  -0.205
1566  -0.187  -0.213
1567  -0.130  -0.225
1568  -0.314  -0.240
1569  -0.314  -0.256
1570  -0.283  -0.272
1571  -0.354  -0.288
1572  -0.233  -0.302
1573  -0.269  -0.316
1574  -0.408  -0.329
1575  -0.247  -0.341
1576  -0.465  -0.352
1577  -0.245  -0.361
1578  -0.490  -0.367
1579  -0.433  -0.369
1580  -0.380  -0.367
1581  -0.436  -0.363
1582  -0.360  -0.357
1583  -0.306  -0.351
1584  -0.215  -0.348
1585  -0.389  -0.348
1586  -0.257  -0.352
1587  -0.289  -0.358
1588  -0.361  -0.366
1589  -0.560  -0.373
1590  -0.336  -0.377
1591  -0.479  -0.377
1592  -0.364  -0.374
1593  -0.468  -0.368
1594  -0.265  -0.360
1595  -0.327  -0.353
1596  -0.346  -0.348
1597  -0.356  -0.347
1598  -0.244  -0.350
1599  -0.211  -0.359
1600  -0.327  -0.371
1601  -0.509  -0.385
1602  -0.439  -0.399
1603  -0.456  -0.410
1604  -0.459  -0.418
1605  -0.467  -0.422
1606  -0.410  -0.421
1607  -0.391  -0.418
1608  -0.434  -0.412
1609  -0.512  -0.405
1610  -0.379  -0.398
1611  -0.294  -0.392
1612  -0.344  -0.389
1613  -0.316  -0.389
1614  -0.399  -0.390
1615  -0.451  -0.393
1616  -0.379  -0.397
1617  -0.452  -0.399
1618  -0.437  -0.401
1619  -0.370  -0.400
1620  -0.397  -0.397
1621  -0.344  -0.393
1622  -0.506  -0.386
1623  -0.414  -0.378
1624  -0.348  -0.369
1625  -0.383  -0.362
1626  -0.265  -0.355
1627  -0.249  -0.352
1628  -0.402  -0.350
1629  -0.289  -0.351
1630  -0.329  -0.352
1631  -0.473  -0.352
1632  -0.373  -0.350
1633  -0.389  -0.346
1634  -0.407  -0.340
1635  -0.348  -0.335
1636  -0.247  -0.333
1637  -0.117  -0.336
1638  -0.367  -0.345
1639  -0.294  -0.360
1640  -0.238  -0.379
1641  -0.437  -0.399
1642  -0.674  -0.417
1643  -0.383  -0.431
1644  -0.599  -0.437
1645  -0.493  -0.437
1646  -0.409  -0.431
1647  -0.426  -0.420
1648  -0.385  -0.405
1649  -0.397  -0.388
1650  -0.334  -0.371
1651  -0.409  -0.354
1652  -0.315  -0.337
1653  -0.339  -0.320
1654  -0.264  -0.306
1655  -0.300  -0.293
1656  -0.227  -0.283
1657  -0.335  -0.277
1658  -0.137  -0.274
1659  -0.174  -0.275
1660  -0.357  -0.278
1661  -0.295  -0.283
1662  -0.310  -0.288
1663  -0.308  -0.292
1664  -0.319  -0.295
1665  -0.296  -0.295
1666  -0.321  -0.294
1667  -0.316  -0.292
1668  -0.269  -0.290
1669  -0.294  -0.289
1670  -0.270  -0.292
1671  -0.175  -0.299
1672  -0.246  -0.311
1673  -0.278  -0.326
1674  -0.392  -0.344
1675  -0.409  -0.364
1676  -0.398  -0.383
1677  -0.394  -0.401
1678  -0.428  -0.415
1679  -0.471  -0.425
1680  -0.500  -0.431
1681  -0.471  -0.433
1682  -0.461  -0.431
1683  -0.398  -0.425
1684  -0.429  -0.417
1685  -0.445  -0.408
1686  -0.348  -0.398
1687  -0.351  -0.388
1688  -0.456  -0.378
1689  -0.351  -0.370
1690  -0.333  -0.365
1691  -0.336  -0.362
1692  -0.342  -0.364
1693  -0.283  -0.369
1694  -0.384  -0.379
1695  -0.230  -0.391
1696  -0.481  -0.404
1697  -0.461  -0.414
1698  -0.544  -0.421
1699  -0.552  -0.423
1700  -0.430  -0.419
1701  -0.407  -0.411
1702  -0.398  -0.400
1703  -0.331  -0.388
1704  -0.307  -0.377
1705  -0.353  -0.367
1706  -0.458  -0.360
1707  -0.239  -0.354
1708  -0.377  -0.350
1709  -0.364  -0.347
1710  -0.321  -0.345
1711  -0.391  -0.344
1712  -0.293  -0.344
1713  -0.295  -0.345
1714  -0.472  -0.347
1715  -0.222  -0.351
1716  -0.287  -0.356
1717  -0.384  -0.361
1718  -0.505  -0.366
1719  -0.327  -0.370
1720  -0.384  -0.372
1721  -0.361  -0.372
1722  -0.364  -0.370
1723  -0.505  -0.367
1724  -0.315  -0.362
1725  -0.347  -0.358
1726  -0.327  -0.355
1727  -0.184  -0.354
1728  -0.498  -0.355
1729  -0.285  -0.357
1730  -0.376  -0.360
1731  -0.358  -0.363
1732  -0.468  -0.365
1733  -0.284  -0.366
1734  -0.410  -0.365
1735  -0.394  -0.364
1736  -0.383  -0.363
1737  -0.320  -0.362
1738  -0.333  -0.362
1739  -0.276  -0.363
1740  -0.319  -0.363
1741  -0.467  -0.364
1742  -0.534  -0.362
1743  -0.304  -0.359
1744  -0.309  -0.354
1745  -0.377  -0.348
1746  -0.329  -0.342
1747  -0.309  -0.336
1748  -0.270  -0.330
1749  -0.331  -0.325
1750  -0.376  -0.318
1751  -0.361  -0.309
1752  -0.294  -0.298
1753  -0.345  -0.285
1754  -0.275  -0.270
1755  -0.302  -0.254
1756  -0.188  -0.240
1757  -0.088  -0.226
1758  -0.139  -0.215
1759  -0.275  -0.206
1760  -0.333  -0.199
1761  -0.117  -0.193
1762  -0.148  -0.189
1763  -0.195  -0.187
1764  -0.202  -0.188
1765  -0.131  -0.194
1766  -0.146  -0.203
1767  -0.035  -0.217
1768  -0.303  -0.234
1769  -0.225  -0.250
1770  -0.422  -0.264
1771  -0.294  -0.272
1772  -0.376  -0.275
1773  -0.442  -0.271
1774  -0.230  -0.262
1775  -0.105  -0.251
1776  -0.312  -0.239
1777  -0.149  -0.230
1778  -0.123  -0.225
1779  -0.256  -0.225
1780  -0.159  -0.228
1781  -0.259  -0.236
1782  -0.145  -0.245
1783  -0.411  -0.255
1784  -0.260  -0.265
1785  -0.182  -0.274
1786  -0.380  -0.280
1787  -0.253  -0.283
1788  -0.395  -0.284
1789  -0.269  -0.281
1790  -0.259  -0.277
1791  -0.319  -0.271
1792  -0.295  -0.265
1793  -0.200  -0.260
1794  -0.152  -0.258
1795  -0.284  -0.259
1796  -0.186  -0.262
1797  -0.279  -0.268
1798  -0.293  -0.275
1799  -0.264  -0.282
1800  -0.443  -0.288
1801  -0.247  -0.293
1802  -0.257  -0.297
1803  -0.325  -0.302
1804  -0.278  -0.308
1805  -0.231  -0.317
1806  -0.345  -0.328
1807  -0.398  -0.343
1808  -0.250  -0.361
1809  -0.329  -0.381
1810  -0.391  -0.402
1811  -0.408  -0.421
1812  -0.617  -0.438
1813  -0.508  -0.450
1814  -0.472  -0.456
1815  -0.509  -0.458
1816  -0.475  -0.454
1817  -0.430  -0.445
1818  -0.395  -0.434
1819  -0.458  -0.419
1820  -0.479  -0.402
1821  -0.396  -0.383
1822  -0.361  -0.363
1823  -0.275  -0.342
1824  -0.317  -0.321
1825  -0.447  -0.302
1826  -0.205  -0.286
1827  -0.163  -0.275
1828  -0.202  -0.269
1829  -0.146  -0.271
1830  -0.325  -0.279
1831  -0.189  -0.293
1832  -0.304  -0.311
1833  -0.460  -0.331
1834  -0.323  -0.352
1835  -0.314  -0.370
1836  -0.359  -0.386
1837  -0.547  -0.396
1838  -0.489  -0.401
1839  -0.452  -0.399
1840  -0.402  -0.390
1841  -0.465  -0.375
1842  -0.303  -0.357
1843  -0.388  -0.337
1844  -0.303  -0.317
1845  -0.211  -0.298
1846  -0.215  -0.282
1847  -0.221  -0.268
1848  -0.266  -0.256
1849  -0.334  -0.246
1850  -0.239  -0.237
1851  -0.285  -0.229
1852  -0.125  -0.221
1853  -0.186  -0.215
1854  -0.162  -0.209
1855  -0.260  -0.205
1856  -0.151  -0.202
1857  -0.262  -0.201
1858  -0.178  -0.200
1859  -0.243  -0.201
1860  -0.167  -0.205
1861  -0.086  -0.211
1862  -0.224  -0.219
1863  -0.246  -0.230
1864  -0.211  -0.243
1865  -0.213  -0.256
1866  -0.304  -0.268
1867  -0.440  -0.277
1868  -0.219  -0.284
1869  -0.416  -0.286
1870  -0.224  -0.285
1871  -0.275  -0.281
1872  -0.217  -0.274
1873  -0.338  -0.264
1874  -0.380  -0.253
1875  -0.237  -0.242
1876  -0.222  -0.232
1877  -0.104  -0.226
1878  -0.120  -0.225
1879  -0.144  -0.229
1880  -0.188  -0.239
1881  -0.329  -0.252
1882  -0.288  -0.267
1883  -0.220  -0.280
1884  -0.388  -0.291
1885  -0.424  -0.297
1886  -0.356  -0.299
1887  -0.218  -0.295
1888  -0.312  -0.288
1889  -0.375  -0.278
1890  -0.178  -0.266
1891  -0.200  -0.253
1892  -0.265  -0.239
1893  -0.332  -0.226
1894  -0.241  -0.215
1895  -0.170  -0.207
1896  -0.076  -0.203
1897  -0.063  -0.205
1898  -0.081  -0.213
1899  -0.351  -0.225
1900  -0.331  -0.241
1901  -0.188  -0.257
1902  -0.173  -0.273
1903  -0.417  -0.286
1904  -0.360  -0.294
1905  -0.404  -0.299
1906  -0.314  -0.300
1907  -0.346  -0.298
1908  -0.131  -0.294
1909  -0.225  -0.289
1910  -0.323  -0.283
1911  -0.291  -0.274
1912  -0.429  -0.263
1913  -0.317  -0.248
1914  -0.266  -0.230
1915  -0.081  -0.209
1916  -0.194  -0.186
1917  -0.187  -0.163
1918  -0.072  -0.139
1919  -0.184  -0.117
1920  -0.119  -0.097
1921  -0.092  -0.080
1922   0.012  -0.068
1923   0.066  -0.062
1924   0.065  -0.062
1925  -0.068  -0.069
1926  -0.017  -0.081
1927  -0.206  -0.096
1928  -0.099  -0.112
1929  -0.178  -0.126
1930  -0.107  -0.137
1931  -0.215  -0.143
1932  -0.219  -0.143
1933  -0.137  -0.137
1934  -0.177  -0.125
1935  -0.195  -0.108
1936  -0.201  -0.088
1937  -0.009  -0.067
1938   0.085  -0.048
1939   0.102  -0.032
1940  -0.049  -0.023
1941  -0.011  -0.020
1942   0.078  -0.024
1943   0.015  -0.033
1944  -0.097  -0.045
1945   0.025  -0.058
1946  -0.121  -0.071
1947  -0.219  -0.080
1948  -0.030  -0.086
1949  -0.221  -0.086
1950  -0.099  -0.081
1951  -0.124  -0.074
1952  -0.104  -0.065
1953   0.109  -0.058
1954  -0.016  -0.054
1955  -0.018  -0.054
1956   0.056  -0.058
1957  -0.074  -0.064
1958  -0.159  -0.072
1959  -0.117  -0.079
1960  -0.113  -0.085
1961  -0.117  -0.089
1962  -0.137  -0.092
1963  -0.156  -0.095
1964   0.105  -0.101
1965   0.018  -0.110
1966  -0.167  -0.122
1967  -0.104  -0.138
1968  -0.243  -0.155
1969  -0.144  -0.171
1970  -0.195  -0.186
1971  -0.297  -0.197
1972  -0.206  -0.204
1973  -0.253  -0.205
1974  -0.231  -0.202
1975  -0.284  -0.194
1976  -0.154  -0.184
1977  -0.181  -0.172
1978  -0.098  -0.159
1979   0.004  -0.146
1980  -0.288  -0.132
1981  -0.220  -0.118
1982  -0.114  -0.104
1983  -0.050  -0.089
1984   0.071  -0.076
1985  -0.121  -0.064
1986  -0.028  -0.054
1987  -0.070  -0.046
1988  -0.010  -0.040
1989  -0.018  -0.036
1990  -0.013  -0.034
1991  -0.038  -0.033
1992  -0.028  -0.033
1993  -0.037  -0.033
