 713  -0.850  -0.877
 714  -0.800  -0.893
 715  -0.570  -0.911
 716  -1.080  -0.926
 717  -1.240  -0.936
 718  -1.070  -0.936
 719  -1.040  -0.922
 720  -1.130  -0.896
 721  -0.730  -0.857
 722  -0.890  -0.810
 723  -0.710  -0.759
 724  -0.870  -0.707
 725  -0.370  -0.658
 726  -0.430  -0.615
 727  -0.650  -0.580
 728  -0.520  -0.554
 729  -0.710  -0.540
 730  -0.400  -0.538
 731  -0.210  -0.552
 732  -0.420  -0.581
 733  -0.440  -0.623
 734  -0.660  -0.675
 735  -0.660  -0.729
 736  -0.840  -0.777
 737  -1.210  -0.811
 738  -1.170  -0.824
 739  -1.160  -0.816
 740  -0.990  -0.789
 741  -0.570  -0.749
 742  -0.730  -0.706
 743  -0.270  -0.668
 744  -0.280  -0.638
 745  -0.620  -0.617
 746  -0.550  -0.604
 747  -0.740  -0.593
 748  -1.000  -0.583
 749  -0.720  -0.570
 750  -0.460  -0.557
 751  -0.280  -0.547
 752  -0.300  -0.541
 753  -0.390  -0.542
 754  -0.510  -0.548
 755  -0.610  -0.556
 756  -0.860  -0.561
 757  -0.790  -0.559
 758  -0.590  -0.548
 759  -0.370  -0.530
 760  -0.680  -0.508
 761  -0.510  -0.486
 762  -0.410  -0.471
 763  -0.120  -0.467
 764  -0.240  -0.475
 765  -0.240  -0.496
 766  -0.710  -0.525
 767  -0.710  -0.559
 768  -0.520  -0.592
 769  -0.880  -0.619
 770  -0.770  -0.638
 771  -0.620  -0.650
 772  -0.580  -0.656
 773  -0.770  -0.658
 774  -0.670  -0.660
 775  -0.520  -0.665
 776  -0.530  -0.674
 777  -0.750  -0.688
 778  -0.590  -0.704
 779  -0.620  -0.719
 780  -0.950  -0.729
 781  -0.860  -0.729
 782  -0.850  -0.716
 783  -0.940  -0.689
 784  -0.870  -0.651
 785  -0.610  -0.606
 786  -0.240  -0.558
 787  -0.360  -0.515
 788  -0.420  -0.480
 789  -0.530  -0.459
 790  -0.150  -0.450
 791  -0.500  -0.456
 792  -0.260  -0.473
 793  -0.410  -0.498
 794  -0.580  -0.528
 795  -0.770  -0.561
 796  -0.640  -0.595
 797  -0.620  -0.628
 798  -0.540  -0.660
 799  -0.620  -0.691
 800  -0.810  -0.720
 801  -0.640  -0.745
 802  -0.900  -0.763
 803  -0.860  -0.773
 804  -1.050  -0.773
 805  -0.890  -0.764
 806  -0.690  -0.747
 807  -0.750  -0.726
 808  -0.440  -0.706
 809  -0.730  -0.690
 810  -0.790  -0.681
 811  -0.290  -0.678
 812  -0.750  -0.681
 813  -0.500  -0.686
 814  -0.880  -0.689
 815  -0.890  -0.686
 816  -0.900  -0.676
 817  -0.710  -0.659
 818  -0.740  -0.640
 819  -0.420  -0.624
 820  -0.430  -0.616
 821  -0.420  -0.621
 822  -0.270  -0.640
 823  -0.540  -0.670
 824  -0.960  -0.704
 825  -0.830  -0.736
 826  -0.980  -0.759
 827  -1.000  -0.769
 828  -0.940  -0.763
 829  -0.860  -0.746
 830  -0.610  -0.721
 831  -0.660  -0.695
 832  -0.640  -0.674
 833  -0.150  -0.660
 834  -0.500  -0.654
 835  -0.920  -0.651
 836  -0.730  -0.647
 837  -0.710  -0.637
 838  -0.860  -0.618
 839  -0.910  -0.589
 840  -0.540  -0.554
 841  -0.310  -0.517
 842  -0.240  -0.485
 843  -0.410  -0.463
 844  -0.170  -0.456
 845  -0.480  -0.465
 846  -0.440  -0.490
 847  -0.500  -0.530
 848  -0.420  -0.582
 849  -0.550  -0.641
 850  -0.470  -0.701
 851  -1.060  -0.757
 852  -1.060  -0.802
 853  -0.860  -0.832
 854  -1.270  -0.845
 855  -0.960  -0.842
 856  -1.030  -0.827
 857  -0.440  -0.806
 858  -0.690  -0.787
 859  -0.630  -0.774
 860  -0.680  -0.770
 861  -0.660  -0.775
 862  -0.660  -0.784
 863  -0.970  -0.792
 864  -1.060  -0.796
 865  -0.950  -0.792
 866  -0.840  -0.777
 867  -0.750  -0.752
 868  -0.650  -0.718
 869  -0.630  -0.679
 870  -0.880  -0.637
 871  -0.600  -0.595
 872  -0.450  -0.557
 873  -0.350  -0.523
 874  -0.270  -0.496
 875  -0.560  -0.474
 876  -0.540  -0.457
 877  -0.400  -0.444
 878  -0.420  -0.433
 879  -0.620  -0.424
 880  -0.320  -0.418
 881  -0.330  -0.416
 882  -0.160  -0.421
 883  -0.440  -0.433
 884  -0.640  -0.451
 885  -0.270  -0.474
 886  -0.310  -0.498
 887  -0.570  -0.518
 888  -0.770  -0.530
 889  -0.850  -0.529
 890  -0.640  -0.515
 891  -0.700  -0.491
 892  -0.430  -0.463
 893  -0.420  -0.436
 894   0.030  -0.420
 895   0.140  -0.418
 896  -0.510  -0.432
 897  -0.650  -0.463
 898  -0.510  -0.505
 899  -0.280  -0.555
 900  -0.710  -0.607
 901  -0.780  -0.658
 902  -0.640  -0.703
 903  -1.060  -0.740
 904  -0.800  -0.769
 905  -0.740  -0.789
 906  -0.860  -0.801
 907  -0.770  -0.806
 908  -0.850  -0.805
 909  -0.900  -0.797
 910  -0.820  -0.785
 911  -0.850  -0.769
 912  -0.750  -0.749
 913  -0.700  -0.729
 914  -0.540  -0.708
 915  -0.620  -0.687
 916  -0.890  -0.667
 917  -0.690  -0.647
 918  -0.610  -0.627
 919  -0.460  -0.607
 920  -0.560  -0.586
 921  -0.680  -0.565
 922  -0.600  -0.542
 923  -0.470  -0.518
 924  -0.450  -0.494
 925  -0.570  -0.470
 926  -0.540  -0.449
 927  -0.250  -0.431
 928  -0.350  -0.419
 929  -0.210  -0.414
 930  -0.470  -0.415
 931  -0.320  -0.421
 932  -0.490  -0.430
 933  -0.460  -0.441
 934  -0.680  -0.453
 935  -0.510  -0.465
 936  -0.190  -0.478
 937  -0.510  -0.493
 938  -0.260  -0.507
 939  -0.570  -0.519
 940  -0.770  -0.527
 941  -0.750  -0.529
 942  -0.810  -0.525
 943  -0.380  -0.516
 944  -0.290  -0.506
 945  -0.340  -0.499
 946  -0.360  -0.497
 947  -0.700  -0.501
 948  -0.530  -0.510
 949  -0.170  -0.521
 950  -0.570  -0.530
 951  -0.790  -0.532
 952  -0.780  -0.525
 953  -0.750  -0.507
 954  -0.420  -0.480
 955  -0.480  -0.447
 956  -0.260  -0.410
 957  -0.070  -0.373
 958  -0.440  -0.338
 959  -0.480  -0.303
 960  -0.180  -0.269
 961  -0.330  -0.235
 962  -0.350  -0.203
 963  -0.080  -0.174
 964  -0.080  -0.153
 965   0.130  -0.143
 966   0.000  -0.145
 967  -0.120  -0.160
 968   0.110  -0.186
 969  -0.300  -0.218
 970  -0.360  -0.250
 971  -0.490  -0.276
 972  -0.460  -0.293
 973  -0.470  -0.299
 974  -0.210  -0.294
 975  -0.370  -0.281
 976  -0.320  -0.265
 977  -0.130  -0.249
 978  -0.100  -0.238
 979  -0.070  -0.233
 980  -0.070  -0.234
 981  -0.420  -0.238
 982  -0.360  -0.242
 983  -0.260  -0.243
 984  -0.230  -0.240
 985  -0.590  -0.232
 986   0.100  -0.221
 987  -0.360  -0.207
 988  -0.130  -0.194
 989   0.000  -0.182
 990  -0.100  -0.173
 991  -0.300  -0.166
 992  -0.310  -0.162
 993  -0.030  -0.161
 994  -0.210  -0.164
 995   0.020  -0.172
 996  -0.180  -0.186
 997  -0.170  -0.207
 998  -0.040  -0.234
 999  -0.260  -0.264
1000  -0.340  -0.295
1001  -0.460  -0.324
1002  -0.450  -0.348
1003  -0.460  -0.366
1004  -0.470  -0.379
1005  -0.370  -0.388
1006  -0.270  -0.397
1007  -0.340  -0.404
1008  -0.250  -0.412
1009  -0.420  -0.416
1010  -0.590  -0.414
1011  -0.680  -0.404
1012  -0.590  -0.383
1013  -0.480  -0.355
1014  -0.150  -0.321
1015  -0.250  -0.289
1016  -0.140  -0.262
1017   0.030  -0.246
1018  -0.010  -0.242
1019  -0.390  -0.249
1020  -0.200  -0.264
1021  -0.400  -0.284
1022  -0.280  -0.305
1023  -0.240  -0.321
1024  -0.380  -0.331
1025  -0.700  -0.332
1026  -0.430  -0.325
1027  -0.310  -0.312
1028  -0.140  -0.297
1029  -0.350  -0.284
1030  -0.040  -0.275
1031  -0.060  -0.274
1032  -0.510  -0.281
1033  -0.090  -0.294
1034  -0.200  -0.311
1035  -0.480  -0.329
1036  -0.480  -0.343
1037  -0.470  -0.353
1038  -0.350  -0.357
1039  -0.380  -0.356
1040  -0.380  -0.351
1041  -0.350  -0.347
1042  -0.260  -0.343
1043  -0.140  -0.342
1044  -0.370  -0.343
1045  -0.430  -0.347
1046  -0.360  -0.353
1047  -0.490  -0.359
1048  -0.250  -0.365
1049  -0.330  -0.370
1050  -0.290  -0.375
1051  -0.580  -0.380
1052  -0.350  -0.384
1053  -0.300  -0.387
1054  -0.470  -0.389
1055  -0.460  -0.390
1056  -0.340  -0.390
1057  -0.230  -0.389
1058  -0.520  -0.388
1059  -0.410  -0.387
1060  -0.510  -0.387
1061  -0.300  -0.390
1062  -0.280  -0.396
1063  -0.360  -0.407
1064  -0.250  -0.424
1065  -0.530  -0.445
1066  -0.410  -0.468
1067  -0.510  -0.490
1068  -0.630  -0.507
1069  -0.600  -0.518
1070  -0.550  -0.520
1071  -0.770  -0.514
1072  -0.640  -0.500
1073  -0.270  -0.482
1074  -0.280  -0.463
1075  -0.540  -0.443
1076  -0.380  -0.425
1077  -0.420  -0.409
1078  -0.420  -0.395
1079  -0.310  -0.382
1080  -0.470  -0.370
1081  -0.400  -0.359
1082  -0.320  -0.351
1083  -0.270  -0.346
1084  -0.200  -0.345
1085  -0.220  -0.349
1086  -0.470  -0.355
1087  -0.370  -0.364
1088  -0.560  -0.373
1089  -0.240  -0.381
1090  -0.420  -0.389
1091  -0.320  -0.395
1092  -0.570  -0.402
1093  -0.310  -0.410
1094  -0.420  -0.420
1095  -0.310  -0.432
1096  -0.490  -0.446
1097  -0.320  -0.459
1098  -0.530  -0.469
1099  -0.670  -0.474
1100  -0.570  -0.472
1101  -0.650  -0.464
1102  -0.440  -0.451
1103  -0.330  -0.436
1104  -0.270  -0.423
1105  -0.490  -0.414
1106  -0.240  -0.412
1107  -0.260  -0.418
1108  -0.490  -0.429
1109  -0.420  -0.445
1110  -0.490  -0.463
1111  -0.630  -0.481
1112  -0.510  -0.499
1113  -0.460  -0.515
1114  -0.420  -0.530
1115  -0.640  -0.545
1116  -0.570  -0.561
1117  -0.520  -0.577
1118  -0.730  -0.594
1119  -0.400  -0.612
1120  -0.630  -0.630
1121  -0.670  -0.647
1122  -0.870  -0.660
1123  -0.540  -0.669
1124  -0.730  -0.672
1125  -0.860  -0.668
1126  -0.730  -0.658
1127  -0.570  -0.644
1128  -0.650  -0.627
1129  -0.650  -0.612
1130  -0.560  -0.601
1131  -0.370  -0.596
1132  -0.400  -0.599
1133  -0.660  -0.610
1134  -0.750  -0.625
1135  -0.470  -0.644
1136  -0.820  -0.663
1137  -0.740  -0.679
1138  -0.610  -0.689
1139  -0.630  -0.693
1140  -1.120  -0.689
1141  -0.800  -0.679
1142  -0.570  -0.666
1143  -0.540  -0.654
1144  -0.360  -0.646
1145  -0.680  -0.645
1146  -0.620  -0.652
1147  -0.600  -0.666
1148  -0.660  -0.684
1149  -0.700  -0.704
1150  -0.670  -0.722
1151  -1.030  -0.735
1152  -0.880  -0.742
1153  -0.650  -0.742
1154  -0.860  -0.738
1155  -0.610  -0.730
1156  -0.660  -0.721
1157  -0.730  -0.712
1158  -0.690  -0.704
1159  -0.620  -0.695
1160  -0.820  -0.686
1161  -0.830  -0.676
1162  -0.520  -0.665
1163  -0.620  -0.654
1164  -0.640  -0.642
1165  -0.660  -0.632
1166  -0.660  -0.624
1167  -0.600  -0.620
1168  -0.470  -0.618
1169  -0.520  -0.621
1170  -0.710  -0.626
1171  -0.580  -0.632
1172  -0.750  -0.639
1173  -0.670  -0.646
1174  -0.690  -0.651
1175  -0.540  -0.656
1176  -0.770  -0.660
1177  -0.610  -0.665
1178  -0.560  -0.669
1179  -0.710  -0.675
1180  -0.840  -0.680
1181  -0.480  -0.686
1182  -0.880  -0.691
1183  -0.600  -0.696
1184  -0.750  -0.702
1185  -0.590  -0.708
1186  -0.830  -0.716
1187  -0.680  -0.726
1188  -0.640  -0.739
1189  -0.800  -0.753
1190  -0.750  -0.770
1191  -0.780  -0.789
1192  -0.670  -0.808
1193  -0.960  -0.825
1194  -0.880  -0.840
1195  -0.900  -0.851
1196  -0.980  -0.858
1197  -0.820  -0.861
1198  -0.920  -0.861
1199  -0.750  -0.860
1200  -0.840  -0.857
1201  -0.930  -0.855
1202  -0.800  -0.851
1203  -0.800  -0.846
1204  -0.820  -0.837
1205  -1.000  -0.824
1206  -0.950  -0.806
1207  -0.960  -0.784
1208  -0.510  -0.760
1209  -0.690  -0.736
1210  -0.760  -0.715
1211  -0.540  -0.699
1212  -0.610  -0.688
1213  -0.670  -0.682
1214  -0.710  -0.677
1215  -0.690  -0.673
1216  -0.730  -0.666
1217  -0.790  -0.655
1218  -0.610  -0.640
1219  -0.710  -0.620
1220  -0.600  -0.597
1221  -0.430  -0.571
1222  -0.590  -0.546
1223  -0.600  -0.522
1224  -0.470  -0.501
1225  -0.360  -0.485
1226  -0.410  -0.474
1227  -0.500  -0.471
1228  -0.340  -0.476
1229  -0.450  -0.489
1230  -0.510  -0.510
1231  -0.400  -0.537
1232  -0.480  -0.568
1233  -0.650  -0.599
1234  -0.740  -0.629
1235  -0.810  -0.652
1236  -0.770  -0.669
1237  -0.580  -0.678
1238  -0.840  -0.681
1239  -0.750  -0.678
1240  -0.570  -0.671
1241  -0.600  -0.664
1242  -0.610  -0.656
1243  -0.750  -0.650
1244  -0.590  -0.645
1245  -0.640  -0.641
1246  -0.620  -0.637
1247  -0.620  -0.634
1248  -0.700  -0.629
1249  -0.600  -0.623
1250  -0.630  -0.616
1251  -0.630  -0.607
1252  -0.690  -0.598
1253  -0.540  -0.591
1254  -0.590  -0.587
1255  -0.410  -0.589
1256  -0.570  -0.597
1257  -0.390  -0.613
1258  -0.700  -0.634
1259  -0.750  -0.658
1260  -0.590  -0.682
1261  -0.690  -0.700
1262  -0.890  -0.711
1263  -1.000  -0.712
1264  -0.810  -0.703
1265  -0.670  -0.686
1266  -0.600  -0.663
1267  -0.600  -0.638
1268  -0.520  -0.614
1269  -0.480  -0.593
1270  -0.650  -0.576
1271  -0.560  -0.564
1272  -0.600  -0.557
1273  -0.480  -0.555
1274  -0.490  -0.558
1275  -0.450  -0.566
1276  -0.550  -0.579
1277  -0.580  -0.594
1278  -0.690  -0.612
1279  -0.610  -0.629
1280  -0.790  -0.645
1281  -0.560  -0.659
1282  -0.720  -0.671
1283  -0.700  -0.681
1284  -0.670  -0.690
1285  -0.660  -0.698
1286  -0.810  -0.708
1287  -0.720  -0.719
1288  -0.510  -0.734
1289  -0.790  -0.751
1290  -0.770  -0.770
1291  -0.770  -0.791
1292  -0.780  -0.812
1293  -0.980  -0.832
1294  -0.880  -0.849
1295  -0.870  -0.864
1296  -0.780  -0.874
1297  -0.990  -0.879
1298  -0.890  -0.880
1299  -0.870  -0.874
1300  -1.130  -0.862
1301  -0.730  -0.843
1302  -0.920  -0.820
1303  -0.760  -0.792
1304  -0.760  -0.761
1305  -0.760  -0.730
1306  -0.700  -0.701
1307  -0.600  -0.676
1308  -0.610  -0.656
1309  -0.460  -0.642
1310  -0.680  -0.634
1311  -0.500  -0.630
1312  -0.780  -0.630
1313  -0.640  -0.632
1314  -0.700  -0.635
1315  -0.460  -0.637
1316  -0.680  -0.637
1317  -0.720  -0.637
1318  -0.660  -0.633
1319  -0.640  -0.628
1320  -0.620  -0.622
1321  -0.660  -0.614
1322  -0.570  -0.607
1323  -0.610  -0.603
1324  -0.530  -0.602
1325  -0.510  -0.607
1326  -0.570  -0.618
1327  -0.580  -0.634
1328  -0.610  -0.654
1329  -0.670  -0.677
1330  -0.900  -0.702
1331  -0.620  -0.725
1332  -0.730  -0.748
1333  -0.870  -0.768
1334  -0.700  -0.784
1335  -0.870  -0.798
1336  -0.890  -0.808
1337  -0.780  -0.814
1338  -0.890  -0.818
1339  -0.820  -0.821
1340  -0.860  -0.824
1341  -0.700  -0.829
1342  -0.860  -0.837
1343  -0.720  -0.848
1344  -0.780  -0.861
1345  -0.920  -0.874
1346  -0.950  -0.883
1347  -1.030  -0.887
1348  -1.010  -0.883
1349  -0.880  -0.870
1350  -1.030  -0.848
1351  -0.810  -0.819
1352  -0.680  -0.787
1353  -0.810  -0.756
1354  -0.670  -0.728
1355  -0.610  -0.706
1356  -0.510  -0.690
1357  -0.560  -0.681
1358  -0.800  -0.677
1359  -0.760  -0.675
1360  -0.700  -0.674
1361  -0.690  -0.673
1362  -0.570  -0.671
1363  -0.730  -0.668
1364  -0.700  -0.665
1365  -0.700  -0.662
1366  -0.550  -0.662
1367  -0.550  -0.664
1368  -0.740  -0.668
1369  -0.580  -0.673
1370  -0.760  -0.679
1371  -0.730  -0.683
1372  -0.770  -0.685
1373  -0.670  -0.685
1374  -0.660  -0.682
1375  -0.730  -0.677
1376  -0.570  -0.672
1377  -0.690  -0.665
1378  -0.720  -0.656
1379  -0.610  -0.647
1380  -0.700  -0.637
1381  -0.660  -0.626
1382  -0.540  -0.614
1383  -0.650  -0.603
1384  -0.560  -0.593
1385  -0.590  -0.585
1386  -0.420  -0.580
1387  -0.630  -0.577
1388  -0.550  -0.576
1389  -0.700  -0.575
1390  -0.500  -0.574
1391  -0.460  -0.572
1392  -0.760  -0.569
1393  -0.690  -0.567
1394  -0.480  -0.565
1395  -0.410  -0.565
1396  -0.420  -0.568
1397  -0.620  -0.572
1398  -0.640  -0.577
1399  -0.630  -0.581
1400  -0.570  -0.581
1401  -0.680  -0.576
1402  -0.740  -0.564
1403  -0.560  -0.548
1404  -0.480  -0.528
1405  -0.430  -0.506
1406  -0.410  -0.485
1407  -0.530  -0.466
1408  -0.500  -0.451
1409  -0.300  -0.440
1410  -0.400  -0.434
1411  -0.340  -0.432
1412  -0.490  -0.434
1413  -0.330  -0.437
1414  -0.530  -0.441
1415  -0.520  -0.445
1416  -0.600  -0.447
1417  -0.350  -0.449
1418  -0.310  -0.451
1419  -0.420  -0.452
1420  -0.460  -0.453
1421  -0.510  -0.453
1422  -0.590  -0.452
1423  -0.550  -0.448
1424  -0.230  -0.443
1425  -0.510  -0.436
1426  -0.410  -0.427
1427  -0.360  -0.418
1428  -0.470  -0.407
1429  -0.530  -0.395
1430  -0.360  -0.384
1431  -0.280  -0.375
1432  -0.400  -0.368
1433  -0.310  -0.366
1434  -0.100  -0.368
1435  -0.460  -0.376
1436  -0.440  -0.386
1437  -0.330  -0.398
1438  -0.520  -0.410
1439  -0.450  -0.420
1440  -0.430  -0.429
1441  -0.480  -0.436
1442  -0.470  -0.444
1443  -0.310  -0.453
1444  -0.470  -0.465
1445  -0.400  -0.483
1446  -0.500  -0.505
1447  -0.470  -0.534
1448  -0.520  -0.568
1449  -0.660  -0.605
1450  -0.550  -0.646
1451  -0.670  -0.687
1452  -0.770  -0.727
1453  -0.870  -0.764
1454  -0.770  -0.795
1455  -0.940  -0.819
1456  -0.960  -0.837
1457  -0.930  -0.849
1458  -0.710  -0.857
1459  -0.950  -0.863
1460  -0.780  -0.869
1461  -0.830  -0.876
1462  -0.830  -0.884
1463  -0.940  -0.891
1464  -0.930  -0.898
1465  -0.890  -0.900
1466  -1.080  -0.898
1467  -0.850  -0.891
1468  -1.100  -0.878
1469  -0.800  -0.860
1470  -0.700  -0.840
1471  -0.770  -0.819
1472  -0.920  -0.798
1473  -0.810  -0.778
1474  -0.690  -0.761
1475  -0.690  -0.747
1476  -0.640  -0.737
1477  -0.770  -0.729
1478  -0.680  -0.723
1479  -0.800  -0.719
1480  -0.600  -0.714
1481  -0.910  -0.708
1482  -0.630  -0.701
1483  -0.680  -0.692
1484  -0.750  -0.681
1485  -0.630  -0.670
1486  -0.620  -0.659
1487  -0.700  -0.649
1488  -0.620  -0.641
1489  -0.630  -0.637
1490  -0.490  -0.636
1491  -0.650  -0.638
1492  -0.620  -0.643
1493  -0.590  -0.648
1494  -0.670  -0.651
1495  -0.890  -0.651
1496  -0.570  -0.646
1497  -0.780  -0.635
1498  -0.720  -0.619
1499  -0.550  -0.601
1500  -0.470  -0.581
1501  -0.420  -0.561
1502  -0.550  -0.543
1503  -0.720  -0.527
1504  -0.490  -0.514
1505  -0.450  -0.504
1506  -0.460  -0.499
1507  -0.360  -0.498
1508  -0.380  -0.503
1509  -0.670  -0.514
1510  -0.390  -0.529
1511  -0.630  -0.548
1512  -0.470  -0.570
1513  -0.610  -0.593
1514  -0.650  -0.617
1515  -0.590  -0.639
1516  -0.740  -0.659
1517  -0.750  -0.677
1518  -0.730  -0.693
1519  -0.630  -0.706
1520  -0.790  -0.717
1521  -0.570  -0.726
1522  -0.860  -0.734
1523  -0.770  -0.739
1524  -0.800  -0.743
1525  -0.730  -0.746
1526  -0.740  -0.747
1527  -0.670  -0.746
1528  -0.770  -0.743
1529  -0.840  -0.737
1530  -0.660  -0.727
1531  -0.790  -0.712
1532  -0.780  -0.690
1533  -0.730  -0.663
1534  -0.810  -0.632
1535  -0.480  -0.599
1536  -0.520  -0.568
1537  -0.450  -0.543
1538  -0.410  -0.525
1539  -0.370  -0.516
1540  -0.370  -0.514
1541  -0.560  -0.516
1542  -0.630  -0.521
1543  -0.700  -0.524
1544  -0.600  -0.523
1545  -0.450  -0.518
1546  -0.510  -0.509
1547  -0.470  -0.497
1548  -0.460  -0.485
1549  -0.560  -0.473
1550  -0.430  -0.463
1551  -0.410  -0.454
1552  -0.300  -0.447
1553  -0.490  -0.440
1554  -0.500  -0.433
1555  -0.450  -0.425
1556  -0.510  -0.414
1557  -0.410  -0.401
1558  -0.380  -0.386
1559  -0.350  -0.370
1560  -0.290  -0.354
1561  -0.350  -0.341
1562  -0.330  -0.332
1563  -0.330  -0.329
1564  -0.220  -0.331
1565  -0.180  -0.341
1566  -0.390  -0.357
1567  -0.320  -0.379
1568  -0.370  -0.405
1569  -0.380  -0.431
1570  -0.610  -0.456
1571  -0.630  -0.480
1572  -0.500  -0.500
1573  -0.490  -0.520
1574  -0.550  -0.538
1575  -0.320  -0.558
1576  -0.650  -0.579
1577  -0.570  -0.601
1578  -0.600  -0.621
1579  -0.750  -0.639
1580  -0.820  -0.653
1581  -0.770  -0.663
1582  -0.600  -0.671
1583  -0.610  -0.679
1584  -0.580  -0.690
1585  -0.690  -0.704
1586  -0.480  -0.722
1587  -0.890  -0.743
1588  -0.790  -0.764
1589  -0.970  -0.783
1590  -0.750  -0.799
1591  -0.860  -0.811
1592  -0.790  -0.820
1593  -0.920  -0.825
1594  -0.730  -0.829
1595  -0.790  -0.834
1596  -1.000  -0.840
1597  -0.760  -0.850
1598  -0.810  -0.863
1599  -0.650  -0.880
1600  -0.830  -0.898
1601  -1.150  -0.916
1602  -1.020  -0.930
1603  -1.050  -0.938
1604  -0.900  -0.938
1605  -1.040  -0.929
1606  -0.880  -0.911
1607  -1.030  -0.885
1608  -0.890  -0.853
1609  -0.920  -0.818
1610  -0.680  -0.781
1611  -0.680  -0.746
1612  -0.620  -0.715
1613  -0.580  -0.690
1614  -0.680  -0.670
1615  -0.730  -0.655
1616  -0.580  -0.645
1617  -0.560  -0.638
1618  -0.660  -0.633
1619  -0.620  -0.630
1620  -0.730  -0.627
1621  -0.480  -0.624
1622  -0.740  -0.622
1623  -0.630  -0.621
1624  -0.580  -0.621
1625  -0.560  -0.623
1626  -0.510  -0.626
1627  -0.650  -0.631
1628  -0.740  -0.636
1629  -0.690  -0.639
1630  -0.580  -0.639
1631  -0.800  -0.635
1632  -0.510  -0.628
1633  -0.730  -0.617
1634  -0.550  -0.604
1635  -0.770  -0.591
1636  -0.520  -0.582
1637  -0.440  -0.579
1638  -0.390  -0.584
1639  -0.560  -0.599
1640  -0.300  -0.622
1641  -0.730  -0.650
1642  -0.900  -0.679
1643  -0.810  -0.704
1644  -0.790  -0.721
1645  -0.840  -0.730
1646  -0.780  -0.731
1647  -0.800  -0.724
1648  -0.650  -0.713
1649  -0.640  -0.700
1650  -0.550  -0.686
1651  -0.710  -0.671
1652  -0.770  -0.655
1653  -0.730  -0.639
1654  -0.640  -0.622
1655  -0.550  -0.605
1656  -0.540  -0.591
1657  -0.540  -0.581
1658  -0.470  -0.576
1659  -0.510  -0.576
1660  -0.560  -0.582
1661  -0.550  -0.590
1662  -0.630  -0.600
1663  -0.740  -0.609
1664  -0.660  -0.616
1665  -0.630  -0.620
1666  -0.590  -0.624
1667  -0.640  -0.628
1668  -0.580  -0.634
1669  -0.550  -0.643
1670  -0.670  -0.658
1671  -0.700  -0.679
1672  -0.510  -0.704
1673  -0.590  -0.733
1674  -0.960  -0.762
1675  -0.850  -0.789
1676  -0.840  -0.810
1677  -0.960  -0.823
1678  -0.870  -0.826
1679  -0.890  -0.821
1680  -0.990  -0.807
1681  -0.720  -0.788
1682  -0.730  -0.766
1683  -0.670  -0.743
1684  -0.650  -0.720
1685  -0.760  -0.698
1686  -0.610  -0.678
1687  -0.710  -0.658
1688  -0.790  -0.639
1689  -0.560  -0.624
1690  -0.580  -0.613
1691  -0.420  -0.611
1692  -0.630  -0.620
1693  -0.460  -0.640
1694  -0.410  -0.673
1695  -0.660  -0.716
1696  -0.820  -0.763
1697  -0.810  -0.810
1698  -1.030  -0.850
1699  -1.190  -0.879
1700  -1.020  -0.896
1701  -1.020  -0.899
1702  -0.800  -0.892
1703  -0.790  -0.878
1704  -0.830  -0.859
1705  -0.940  -0.839
1706  -0.980  -0.820
1707  -0.550  -0.804
1708  -0.700  -0.792
1709  -0.810  -0.783
1710  -0.630  -0.777
1711  -0.970  -0.772
1712  -0.830  -0.769
1713  -0.660  -0.764
1714  -0.890  -0.759
1715  -0.570  -0.751
1716  -0.730  -0.740
1717  -0.910  -0.726
1718  -0.820  -0.708
1719  -0.670  -0.687
1720  -0.590  -0.662
1721  -0.740  -0.636
1722  -0.480  -0.611
1723  -0.590  -0.587
1724  -0.600  -0.566
1725  -0.540  -0.551
1726  -0.450  -0.542
1727  -0.290  -0.539
1728  -0.660  -0.541
1729  -0.440  -0.549
1730  -0.600  -0.559
1731  -0.690  -0.570
1732  -0.610  -0.581
1733  -0.500  -0.592
1734  -0.600  -0.602
1735  -0.700  -0.612
1736  -0.590  -0.625
1737  -0.580  -0.640
1738  -0.660  -0.659
1739  -0.420  -0.682
1740  -0.730  -0.707
1741  -0.860  -0.731
1742  -0.880  -0.751
1743  -0.710  -0.765
1744  -0.940  -0.770
1745  -0.820  -0.766
1746  -0.940  -0.753
1747  -0.780  -0.733
1748  -0.620  -0.710
1749  -0.520  -0.685
1750  -0.610  -0.660
1751  -0.760  -0.638
1752  -0.570  -0.619
1753  -0.630  -0.601
1754  -0.520  -0.586
1755  -0.580  -0.572
1756  -0.540  -0.558
1757  -0.540  -0.544
1758  -0.530  -0.530
1759  -0.600  -0.515
1760  -0.610  -0.499
1761  -0.310  -0.485
1762  -0.530  -0.472
1763  -0.260  -0.462
1764  -0.570  -0.456
1765  -0.480  -0.456
1766  -0.330  -0.460
1767  -0.300  -0.467
1768  -0.500  -0.475
1769  -0.610  -0.482
1770  -0.560  -0.486
1771  -0.590  -0.485
1772  -0.530  -0.480
1773  -0.590  -0.472
1774  -0.330  -0.463
1775  -0.280  -0.457
1776  -0.440  -0.455
1777  -0.380  -0.459
1778  -0.380  -0.467
1779  -0.590  -0.479
1780  -0.580  -0.493
1781  -0.430  -0.508
1782  -0.490  -0.521
1783  -0.670  -0.534
1784  -0.510  -0.545
1785  -0.450  -0.554
1786  -0.640  -0.561
1787  -0.580  -0.565
1788  -0.640  -0.566
1789  -0.620  -0.564
1790  -0.590  -0.561
1791  -0.510  -0.556
1792  -0.530  -0.553
1793  -0.450  -0.551
1794  -0.580  -0.553
1795  -0.540  -0.559
1796  -0.450  -0.568
1797  -0.610  -0.579
1798  -0.540  -0.589
1799  -0.680  -0.597
1800  -0.820  -0.602
1801  -0.630  -0.604
1802  -0.530  -0.604
1803  -0.560  -0.602
1804  -0.610  -0.603
1805  -0.440  -0.608
1806  -0.660  -0.618
1807  -0.660  -0.634
1808  -0.410  -0.656
1809  -0.770  -0.684
1810  -0.740  -0.716
1811  -0.640  -0.750
1812  -0.840  -0.785
1813  -0.820  -0.818
1814  -0.900  -0.847
1815  -1.000  -0.872
1816  -0.870  -0.890
1817  -0.980  -0.901
1818  -1.020  -0.904
1819  -0.820  -0.901
1820  -0.890  -0.891
1821  -1.040  -0.874
1822  -0.960  -0.852
1823  -0.690  -0.825
1824  -0.820  -0.795
1825  -0.830  -0.764
1826  -0.720  -0.733
1827  -0.850  -0.706
1828  -0.380  -0.685
1829  -0.500  -0.672
1830  -0.690  -0.670
1831  -0.680  -0.677
1832  -0.590  -0.695
1833  -0.630  -0.720
1834  -0.620  -0.749
1835  -0.830  -0.780
1836  -0.870  -0.806
1837  -1.160  -0.826
1838  -0.870  -0.836
1839  -0.900  -0.836
1840  -0.850  -0.827
1841  -0.850  -0.812
1842  -0.730  -0.793
1843  -0.780  -0.773
1844  -0.700  -0.755
1845  -0.720  -0.740
1846  -0.670  -0.728
1847  -0.640  -0.718
1848  -0.660  -0.709
1849  -0.900  -0.698
1850  -0.770  -0.684
1851  -0.720  -0.666
1852  -0.570  -0.644
1853  -0.650  -0.619
1854  -0.600  -0.591
1855  -0.490  -0.562
1856  -0.690  -0.536
1857  -0.480  -0.513
1858  -0.300  -0.496
1859  -0.450  -0.486
1860  -0.410  -0.483
1861  -0.270  -0.487
1862  -0.540  -0.496
1863  -0.650  -0.505
1864  -0.570  -0.514
1865  -0.560  -0.519
1866  -0.620  -0.521
1867  -0.580  -0.519
1868  -0.390  -0.516
1869  -0.510  -0.512
1870  -0.310  -0.508
1871  -0.570  -0.505
1872  -0.630  -0.502
1873  -0.510  -0.497
1874  -0.560  -0.492
1875  -0.390  -0.484
1876  -0.610  -0.476
1877  -0.400  -0.468
1878  -0.340  -0.461
1879  -0.430  -0.455
1880  -0.470  -0.451
1881  -0.570  -0.448
1882  -0.360  -0.446
1883  -0.450  -0.446
1884  -0.440  -0.447
1885  -0.390  -0.448
1886  -0.430  -0.450
1887  -0.530  -0.452
1888  -0.450  -0.454
1889  -0.510  -0.453
1890  -0.400  -0.451
1891  -0.350  -0.446
1892  -0.600  -0.438
1893  -0.590  -0.428
1894  -0.420  -0.418
1895  -0.310  -0.409
1896  -0.290  -0.403
1897  -0.160  -0.402
1898  -0.350  -0.405
1899  -0.680  -0.411
1900  -0.540  -0.420
1901  -0.280  -0.429
1902  -0.290  -0.437
1903  -0.510  -0.444
1904  -0.530  -0.448
1905  -0.640  -0.449
1906  -0.350  -0.448
1907  -0.510  -0.444
1908  -0.280  -0.439
1909  -0.390  -0.431
1910  -0.580  -0.422
1911  -0.370  -0.411
1912  -0.610  -0.398
1913  -0.300  -0.384
1914  -0.280  -0.369
1915  -0.340  -0.353
1916  -0.340  -0.337
1917  -0.260  -0.319
1918  -0.320  -0.300
1919  -0.480  -0.279
1920  -0.290  -0.255
1921  -0.220  -0.230
1922  -0.280  -0.205
1923   0.090  -0.183
1924  -0.110  -0.164
1925  -0.110  -0.149
1926  -0.180  -0.138
1927  -0.140  -0.128
1928  -0.170  -0.120
1929  -0.180  -0.110
1930   0.090  -0.097
1931  -0.240  -0.081
1932  -0.190  -0.061
1933  -0.040  -0.037
1934   0.000  -0.011
1935   0.100   0.017
1936   0.040   0.044
1937   0.020   0.070
1938   0.170   0.095
1939   0.240   0.116
1940  -0.040   0.134
1941   0.140   0.147
1942   0.290   0.155
1943   0.310   0.156
1944   0.150   0.151
1945   0.170   0.140
1946   0.260   0.124
1947   0.010   0.106
1948   0.180   0.089
1949  -0.230   0.076
1950   0.080   0.067
1951   0.040   0.063
1952  -0.050   0.064
1953   0.170   0.067
1954   0.130   0.071
1955   0.120   0.073
1956   0.060   0.073
1957   0.070   0.070
1958   0.120   0.065
1959   0.010   0.057
1960   0.150   0.048
1961   0.100   0.040
1962  -0.140   0.032
1963  -0.200   0.024
1964   0.190   0.014
1965   0.120   0.002
1966   0.030  -0.014
1967   0.080  -0.036
1968  -0.070  -0.064
1969   0.010  -0.096
1970  -0.200  -0.130
1971  -0.230  -0.163
1972  -0.200  -0.190
1973  -0.330  -0.211
1974  -0.300  -0.221
1975  -0.360  -0.221
1976  -0.300  -0.210
1977  -0.150  -0.189
1978  -0.270  -0.159
1979  -0.090  -0.124
1980  -0.140  -0.086
1981  -0.190  -0.050
1982   0.220  -0.017
1983   0.130   0.009
1984   0.180   0.027
1985   0.060   0.036
1986   0.130   0.039
1987  -0.080   0.037
1988  -0.030   0.033
1989   0.040   0.028
1990  -0.030   0.025
1991   0.050   0.023
1992   0.130   0.023
1993  -0.130   0.025
1994   0.060   0.027
1995   0.040   0.029
