 831  -1.298  -1.109
 832  -1.061  -1.045
 833  -0.933  -0.972
 834  -0.849  -0.894
 835  -0.860  -0.810
 836  -0.753  -0.725
 837  -0.648  -0.641
 838  -0.570  -0.561
 839  -0.575  -0.490
 840  -0.226  -0.433
 841  -0.098  -0.395
 842  -0.037  -0.376
 843  -0.112  -0.376
 844  -0.299  -0.391
 845  -0.559  -0.414
 846  -0.614  -0.440
 847  -0.833  -0.465
 848  -0.637  -0.488
 849  -0.308  -0.511
 850  -0.208  -0.539
 851  -0.304  -0.573
 852  -0.755  -0.618
 853  -0.281  -0.671
 854  -1.040  -0.730
 855  -1.004  -0.791
 856  -0.693  -0.849
 857  -0.944  -0.901
 858  -1.099  -0.945
 859  -1.004  -0.981
 860  -1.138  -1.008
 861  -1.188  -1.027
 862  -0.839  -1.040
 863  -0.985  -1.045
 864  -1.140  -1.044
 865  -1.168  -1.034
 866  -1.088  -1.014
 867  -1.058  -0.982
 868  -1.122  -0.936
 869  -1.026  -0.879
 870  -0.869  -0.812
 871  -0.750  -0.738
 872  -0.511  -0.662
 873  -0.568  -0.589
 874  -0.491  -0.522
 875  -0.324  -0.465
 876  -0.208  -0.420
 877  -0.561  -0.388
 878  -0.178  -0.370
 879  -0.119  -0.364
 880  -0.297  -0.368
 881  -0.525  -0.379
 882  -0.174  -0.391
 883  -0.513  -0.400
 884  -0.853  -0.401
 885  -0.228  -0.392
 886  -0.728  -0.372
 887  -0.107  -0.340
 888  -0.497  -0.299
 889  -0.247  -0.253
 890  -0.160  -0.204
 891  -0.226  -0.158
 892   0.082  -0.119
 893  -0.123  -0.092
 894   0.112  -0.080
 895   0.319  -0.088
 896  -0.349  -0.117
 897   0.198  -0.168
 898   0.084  -0.240
 899  -0.228  -0.328
 900  -0.543  -0.427
 901  -0.529  -0.530
 902  -0.632  -0.630
 903  -1.238  -0.721
 904  -0.657  -0.797
 905  -0.865  -0.855
 906  -1.177  -0.893
 907  -1.195  -0.911
 908  -1.036  -0.911
 909  -0.981  -0.896
 910  -0.766  -0.870
 911  -0.735  -0.838
 912  -0.801  -0.804
 913  -1.024  -0.772
 914  -0.723  -0.746
 915  -0.130  -0.726
 916  -0.808  -0.714
 917  -0.730  -0.707
 918  -0.712  -0.704
 919  -0.748  -0.702
 920  -0.919  -0.697
 921  -0.607  -0.689
 922  -0.682  -0.676
 923  -0.689  -0.659
 924  -0.582  -0.638
 925  -0.803  -0.613
 926  -0.600  -0.587
 927  -0.409  -0.560
 928  -0.561  -0.533
 929  -0.399  -0.507
 930  -0.639  -0.482
 931  -0.358  -0.459
 932  -0.491  -0.436
 933  -0.381  -0.416
 934  -0.370  -0.399
 935  -0.579  -0.387
 936  -0.057  -0.383
 937  -0.285  -0.388
 938  -0.288  -0.402
 939  -0.235  -0.424
 940  -0.757  -0.453
 941  -0.381  -0.486
 942  -0.605  -0.521
 943  -0.404  -0.555
 944  -0.698  -0.586
 945  -0.630  -0.612
 946  -0.611  -0.631
 947  -0.892  -0.642
 948  -0.769  -0.646
 949  -0.557  -0.643
 950  -0.773  -0.636
 951  -0.477  -0.627
 952  -0.691  -0.620
 953  -0.399  -0.615
 954  -0.479  -0.612
 955  -0.648  -0.609
 956  -0.819  -0.603
 957  -0.491  -0.592
 958  -1.047  -0.572
 959  -0.554  -0.542
 960  -0.228  -0.503
 961  -0.627  -0.456
 962  -0.627  -0.405
 963  -0.085  -0.352
 964  -0.554  -0.303
 965  -0.053  -0.260
 966   0.171  -0.226
 967  -0.372  -0.204
 968   0.052  -0.194
 969  -0.294  -0.196
 970  -0.050  -0.207
 971  -0.281  -0.224
 972  -0.130  -0.245
 973  -0.310  -0.265
 974  -0.215  -0.280
 975  -0.582  -0.288
 976  -0.639  -0.287
 977  -0.176  -0.276
 978  -0.030  -0.256
 979  -0.422  -0.229
 980  -0.142  -0.196
 981  -0.381  -0.159
 982  -0.021  -0.119
 983  -0.096  -0.078
 984   0.207  -0.037
 985  -0.203   0.004
 986   0.066   0.042
 987  -0.028   0.076
 988   0.082   0.105
 989   0.549   0.127
 990   0.465   0.141
 991  -0.169   0.147
 992  -0.091   0.144
 993   0.198   0.131
 994   0.324   0.109
 995   0.602   0.077
 996   0.057   0.036
 997  -0.361  -0.012
 998  -0.146  -0.063
 999   0.013  -0.114
1000  -0.128  -0.161
1001  -0.103  -0.203
1002  -0.548  -0.236
1003  -0.550  -0.263
1004  -0.336  -0.283
1005  -0.123  -0.300
1006  -0.247  -0.316
1007  -0.025  -0.332
1008  -0.281  -0.349
1009  -0.693  -0.362
1010  -0.452  -0.369
1011  -0.509  -0.367
1012  -0.486  -0.353
1013  -0.429  -0.327
1014  -0.285  -0.292
1015  -0.315  -0.249
1016  -0.123  -0.205
1017  -0.094  -0.162
1018  -0.187  -0.127
1019  -0.037  -0.101
1020   0.374  -0.085
1021  -0.021  -0.078
1022  -0.064  -0.078
1023  -0.258  -0.080
1024  -0.089  -0.080
1025  -0.570  -0.079
1026  -0.130  -0.077
1027   0.415  -0.076
1028   0.109  -0.080
1029  -0.151  -0.092
1030   0.116  -0.112
1031  -0.135  -0.139
1032  -0.463  -0.171
1033  -0.096  -0.204
1034  -0.235  -0.236
1035  -0.278  -0.266
1036  -0.427  -0.292
1037  -0.265  -0.315
1038  -0.304  -0.335
1039  -0.440  -0.352
1040  -0.313  -0.367
1041  -0.413  -0.381
1042  -0.527  -0.393
1043  -0.278  -0.405
1044  -0.283  -0.417
1045  -0.543  -0.428
1046  -0.433  -0.439
1047  -0.698  -0.452
1048  -0.265  -0.467
1049  -0.411  -0.485
1050  -0.290  -0.507
1051  -0.753  -0.532
1052  -0.333  -0.560
1053  -0.632  -0.589
1054  -0.844  -0.617
1055  -0.721  -0.642
1056  -0.614  -0.662
1057  -0.449  -0.674
1058  -0.735  -0.678
1059  -0.922  -0.672
1060  -1.229  -0.656
1061  -0.402  -0.633
1062  -0.465  -0.609
1063  -0.705  -0.587
1064  -0.333  -0.575
1065  -0.340  -0.574
1066  -0.185  -0.585
1067  -0.495  -0.604
1068  -0.922  -0.623
1069  -0.928  -0.635
1070  -0.851  -0.632
1071  -0.899  -0.610
1072  -0.719  -0.570
1073  -0.554  -0.514
1074  -0.420  -0.448
1075  -0.126  -0.377
1076  -0.222  -0.309
1077  -0.374  -0.248
1078  -0.132  -0.196
1079  -0.094  -0.158
1080   0.073  -0.133
1081   0.203  -0.122
1082  -0.160  -0.122
1083  -0.142  -0.132
1084  -0.128  -0.146
1085  -0.171  -0.162
1086  -0.424  -0.175
1087  -0.119  -0.184
1088  -0.399  -0.190
1089  -0.075  -0.193
1090  -0.142  -0.198
1091  -0.060  -0.208
1092  -0.283  -0.226
1093  -0.276  -0.254
1094   0.121  -0.292
1095  -0.044  -0.338
1096  -0.755  -0.388
1097  -0.345  -0.437
1098  -0.821  -0.480
1099  -0.675  -0.513
1100  -0.534  -0.535
1101  -0.595  -0.544
1102  -0.438  -0.544
1103  -0.782  -0.536
1104  -0.502  -0.524
1105  -0.593  -0.512
1106  -0.406  -0.503
1107  -0.190  -0.500
1108  -0.317  -0.504
1109  -0.625  -0.514
1110  -0.748  -0.532
1111  -0.488  -0.554
1112  -0.461  -0.581
1113  -0.424  -0.611
1114  -0.769  -0.643
1115  -0.808  -0.676
1116  -0.566  -0.710
1117  -0.757  -0.744
1118  -0.867  -0.776
1119  -0.785  -0.806
1120  -0.709  -0.831
1121  -1.045  -0.850
1122  -1.017  -0.861
1123  -0.762  -0.863
1124  -0.997  -0.855
1125  -1.017  -0.839
1126  -0.981  -0.818
1127  -0.657  -0.795
1128  -0.598  -0.775
1129  -0.689  -0.762
1130  -0.566  -0.758
1131  -0.630  -0.764
1132  -0.869  -0.778
1133  -0.773  -0.797
1134  -0.819  -0.817
1135  -0.846  -0.834
1136  -1.077  -0.844
1137  -0.908  -0.845
1138  -0.894  -0.837
1139  -0.760  -0.821
1140  -1.097  -0.800
1141  -0.835  -0.778
1142  -0.436  -0.758
1143  -0.509  -0.743
1144  -0.554  -0.735
1145  -0.953  -0.733
1146  -0.817  -0.735
1147  -0.760  -0.739
1148  -0.682  -0.743
1149  -0.666  -0.744
1150  -0.750  -0.741
1151  -1.036  -0.731
1152  -0.680  -0.715
1153  -0.691  -0.693
1154  -0.842  -0.665
1155  -0.525  -0.634
1156  -0.589  -0.602
1157  -0.513  -0.570
1158  -0.687  -0.541
1159  -0.212  -0.516
1160  -0.411  -0.495
1161  -0.664  -0.478
1162  -0.527  -0.464
1163  -0.379  -0.455
1164  -0.381  -0.451
1165  -0.283  -0.452
1166  -0.497  -0.459
1167  -0.591  -0.473
1168  -0.219  -0.494
1169  -0.406  -0.519
1170  -0.648  -0.549
1171  -0.666  -0.580
1172  -0.602  -0.612
1173  -0.732  -0.643
1174  -0.666  -0.673
1175  -0.627  -0.702
1176  -0.611  -0.729
1177  -0.846  -0.752
1178  -0.821  -0.771
1179  -0.917  -0.784
1180  -0.979  -0.791
1181  -0.698  -0.791
1182  -0.887  -0.786
1183  -0.680  -0.777
1184  -0.652  -0.765
1185  -0.812  -0.752
1186  -0.922  -0.738
1187  -0.735  -0.726
1188  -0.598  -0.715
1189  -0.650  -0.708
1190  -0.522  -0.705
1191  -0.828  -0.708
1192  -0.671  -0.715
1193  -0.593  -0.728
1194  -0.871  -0.745
1195  -0.598  -0.764
1196  -0.958  -0.785
1197  -0.776  -0.808
1198  -0.814  -0.832
1199  -0.655  -0.857
1200  -1.047  -0.884
1201  -1.056  -0.912
1202  -0.780  -0.940
1203  -0.835  -0.968
1204  -0.967  -0.993
1205  -1.086  -1.013
1206  -1.293  -1.026
1207  -1.307  -1.029
1208  -0.933  -1.024
1209  -0.887  -1.011
1210  -1.193  -0.994
1211  -0.896  -0.975
1212  -0.830  -0.956
1213  -0.985  -0.941
1214  -0.842  -0.928
1215  -0.773  -0.916
1216  -0.908  -0.904
1217  -1.122  -0.887
1218  -0.999  -0.864
1219  -0.960  -0.835
1220  -0.867  -0.801
1221  -0.700  -0.766
1222  -0.602  -0.734
1223  -0.548  -0.711
1224  -0.552  -0.699
1225  -0.511  -0.700
1226  -0.709  -0.713
1227  -0.798  -0.737
1228  -0.760  -0.771
1229  -0.609  -0.812
1230  -1.040  -0.857
1231  -0.782  -0.905
1232  -0.928  -0.954
1233  -0.951  -1.000
1234  -1.072  -1.038
1235  -1.264  -1.066
1236  -1.332  -1.081
1237  -1.280  -1.082
1238  -1.202  -1.071
1239  -1.045  -1.051
1240  -0.878  -1.026
1241  -0.835  -1.001
1242  -0.894  -0.979
1243  -0.969  -0.962
1244  -1.036  -0.948
1245  -0.869  -0.937
1246  -0.949  -0.928
1247  -1.056  -0.919
1248  -0.821  -0.911
1249  -0.849  -0.902
1250  -0.874  -0.895
1251  -0.967  -0.889
1252  -0.908  -0.886
1253  -0.623  -0.886
1254  -1.063  -0.890
1255  -0.876  -0.899
1256  -0.814  -0.911
1257  -0.723  -0.926
1258  -1.056  -0.944
1259  -1.145  -0.962
1260  -0.933  -0.980
1261  -0.988  -0.995
1262  -0.837  -1.006
1263  -1.245  -1.013
1264  -1.104  -1.014
1265  -1.054  -1.010
1266  -1.015  -1.001
1267  -1.036  -0.988
1268  -0.887  -0.974
1269  -0.846  -0.958
1270  -1.047  -0.942
1271  -0.944  -0.926
1272  -0.853  -0.911
1273  -1.010  -0.896
1274  -0.885  -0.883
1275  -0.703  -0.872
1276  -0.878  -0.863
1277  -0.835  -0.857
1278  -0.871  -0.853
1279  -0.760  -0.853
1280  -0.969  -0.855
1281  -0.794  -0.859
1282  -0.908  -0.867
1283  -0.703  -0.877
1284  -0.899  -0.889
1285  -0.963  -0.904
1286  -0.883  -0.921
1287  -0.976  -0.940
1288  -0.947  -0.962
1289  -0.960  -0.986
1290  -0.969  -1.013
1291  -0.979  -1.041
1292  -0.935  -1.070
1293  -1.273  -1.096
1294  -1.197  -1.116
1295  -1.172  -1.128
1296  -1.232  -1.128
1297  -1.362  -1.117
1298  -1.106  -1.094
1299  -1.104  -1.062
1300  -1.218  -1.025
1301  -0.730  -0.987
1302  -0.933  -0.951
1303  -0.707  -0.920
1304  -0.805  -0.896
1305  -0.979  -0.877
1306  -0.849  -0.860
1307  -0.892  -0.845
1308  -0.835  -0.828
1309  -0.969  -0.808
1310  -0.719  -0.785
1311  -0.741  -0.760
1312  -0.908  -0.735
1313  -0.527  -0.712
1314  -0.577  -0.691
1315  -0.598  -0.674
1316  -0.755  -0.659
1317  -0.563  -0.646
1318  -0.719  -0.632
1319  -0.689  -0.616
1320  -0.712  -0.596
1321  -0.479  -0.574
1322  -0.607  -0.549
1323  -0.497  -0.525
1324  -0.543  -0.505
1325  -0.445  -0.493
1326  -0.345  -0.490
1327  -0.151  -0.500
1328  -0.440  -0.522
1329  -0.593  -0.556
1330  -0.664  -0.600
1331  -0.541  -0.649
1332  -0.787  -0.702
1333  -0.691  -0.754
1334  -0.801  -0.803
1335  -0.887  -0.845
1336  -1.140  -0.880
1337  -0.928  -0.905
1338  -1.047  -0.921
1339  -0.908  -0.930
1340  -1.013  -0.936
1341  -0.880  -0.942
1342  -0.915  -0.952
1343  -0.737  -0.969
1344  -0.849  -0.993
1345  -0.953  -1.023
1346  -1.095  -1.055
1347  -1.250  -1.086
1348  -1.259  -1.110
1349  -1.172  -1.124
1350  -1.289  -1.125
1351  -1.188  -1.114
1352  -1.113  -1.091
1353  -1.159  -1.060
1354  -1.131  -1.024
1355  -0.892  -0.987
1356  -0.755  -0.952
1357  -0.839  -0.922
1358  -0.874  -0.897
1359  -0.801  -0.876
1360  -1.013  -0.859
1361  -0.903  -0.845
1362  -0.707  -0.830
1363  -0.805  -0.815
1364  -0.842  -0.799
1365  -0.853  -0.783
1366  -0.817  -0.767
1367  -0.650  -0.753
1368  -0.680  -0.740
1369  -0.662  -0.729
1370  -0.773  -0.721
1371  -0.652  -0.715
1372  -0.753  -0.711
1373  -0.737  -0.708
1374  -0.709  -0.706
1375  -0.796  -0.705
1376  -0.516  -0.705
1377  -0.719  -0.707
1378  -0.534  -0.709
1379  -0.883  -0.712
1380  -0.855  -0.712
1381  -0.705  -0.711
1382  -0.675  -0.708
1383  -0.737  -0.703
1384  -0.643  -0.697
1385  -0.639  -0.693
1386  -0.792  -0.691
1387  -0.687  -0.693
1388  -0.516  -0.700
1389  -0.579  -0.710
1390  -0.684  -0.723
1391  -0.855  -0.736
1392  -0.926  -0.747
1393  -0.846  -0.756
1394  -0.762  -0.762
1395  -0.618  -0.766
1396  -0.769  -0.769
1397  -0.776  -0.772
1398  -0.707  -0.774
1399  -0.766  -0.775
1400  -0.894  -0.772
1401  -0.846  -0.763
1402  -0.869  -0.749
1403  -0.723  -0.729
1404  -0.778  -0.705
1405  -0.716  -0.680
1406  -0.479  -0.657
1407  -0.559  -0.638
1408  -0.625  -0.627
1409  -0.472  -0.625
1410  -0.600  -0.631
1411  -0.488  -0.643
1412  -0.741  -0.660
1413  -0.703  -0.679
1414  -0.846  -0.697
1415  -0.678  -0.712
1416  -0.771  -0.723
1417  -0.728  -0.730
1418  -0.766  -0.732
1419  -0.728  -0.729
1420  -0.750  -0.722
1421  -0.776  -0.710
1422  -0.730  -0.693
1423  -0.812  -0.673
1424  -0.548  -0.651
1425  -0.511  -0.627
1426  -0.716  -0.602
1427  -0.584  -0.578
1428  -0.509  -0.554
1429  -0.493  -0.531
1430  -0.513  -0.510
1431  -0.488  -0.489
1432  -0.548  -0.471
1433  -0.461  -0.455
1434  -0.297  -0.442
1435  -0.361  -0.434
1436  -0.456  -0.431
1437  -0.365  -0.433
1438  -0.443  -0.440
1439  -0.409  -0.451
1440  -0.413  -0.466
1441  -0.516  -0.483
1442  -0.509  -0.503
1443  -0.534  -0.524
1444  -0.568  -0.547
1445  -0.418  -0.571
1446  -0.725  -0.597
1447  -0.495  -0.625
1448  -0.769  -0.655
1449  -0.680  -0.689
1450  -0.559  -0.727
1451  -0.744  -0.767
1452  -0.798  -0.810
1453  -0.885  -0.853
1454  -0.908  -0.895
1455  -0.976  -0.935
1456  -1.072  -0.968
1457  -0.965  -0.994
1458  -1.145  -1.012
1459  -1.140  -1.021
1460  -1.079  -1.022
1461  -0.974  -1.016
1462  -1.140  -1.007
1463  -0.926  -0.995
1464  -0.844  -0.982
1465  -0.890  -0.968
1466  -1.063  -0.954
1467  -0.985  -0.938
1468  -1.072  -0.919
1469  -0.862  -0.896
1470  -0.846  -0.869
1471  -0.851  -0.840
1472  -0.846  -0.810
1473  -0.862  -0.780
1474  -0.675  -0.755
1475  -0.648  -0.735
1476  -0.477  -0.722
1477  -0.705  -0.716
1478  -0.652  -0.716
1479  -0.846  -0.719
1480  -0.700  -0.723
1481  -0.837  -0.724
1482  -0.725  -0.720
1483  -0.750  -0.711
1484  -0.819  -0.696
1485  -0.671  -0.678
1486  -0.641  -0.657
1487  -0.657  -0.637
1488  -0.652  -0.621
1489  -0.383  -0.610
1490  -0.404  -0.607
1491  -0.623  -0.611
1492  -0.611  -0.619
1493  -0.659  -0.628
1494  -0.789  -0.637
1495  -0.737  -0.641
1496  -0.605  -0.640
1497  -0.605  -0.632
1498  -0.782  -0.619
1499  -0.632  -0.601
1500  -0.559  -0.579
1501  -0.470  -0.556
1502  -0.543  -0.533
1503  -0.579  -0.510
1504  -0.409  -0.490
1505  -0.420  -0.471
1506  -0.500  -0.455
1507  -0.363  -0.442
1508  -0.477  -0.432
1509  -0.500  -0.428
1510  -0.201  -0.429
1511  -0.459  -0.437
1512  -0.285  -0.451
1513  -0.427  -0.469
1514  -0.504  -0.489
1515  -0.595  -0.508
1516  -0.618  -0.524
1517  -0.561  -0.534
1518  -0.782  -0.538
1519  -0.479  -0.536
1520  -0.500  -0.529
1521  -0.445  -0.520
1522  -0.415  -0.510
1523  -0.700  -0.503
1524  -0.452  -0.499
1525  -0.440  -0.500
1526  -0.411  -0.506
1527  -0.299  -0.517
1528  -0.479  -0.530
1529  -0.762  -0.542
1530  -0.584  -0.550
1531  -0.659  -0.550
1532  -0.687  -0.540
1533  -0.671  -0.521
1534  -0.598  -0.495
1535  -0.345  -0.467
1536  -0.363  -0.441
1537  -0.183  -0.422
1538  -0.379  -0.413
1539  -0.247  -0.413
1540  -0.352  -0.422
1541  -0.559  -0.436
1542  -0.379  -0.453
1543  -0.657  -0.468
1544  -0.563  -0.481
1545  -0.459  -0.489
1546  -0.541  -0.494
1547  -0.449  -0.496
1548  -0.418  -0.498
1549  -0.522  -0.499
1550  -0.545  -0.500
1551  -0.518  -0.500
1552  -0.486  -0.500
1553  -0.386  -0.497
1554  -0.611  -0.491
1555  -0.611  -0.482
1556  -0.516  -0.468
1557  -0.386  -0.450
1558  -0.495  -0.428
1559  -0.374  -0.404
1560  -0.345  -0.378
1561  -0.422  -0.354
1562  -0.315  -0.332
1563  -0.308  -0.316
1564  -0.185  -0.307
1565  -0.155  -0.307
1566  -0.242  -0.317
1567  -0.219  -0.337
1568  -0.372  -0.365
1569  -0.349  -0.398
1570  -0.409  -0.434
1571  -0.650  -0.469
1572  -0.568  -0.504
1573  -0.568  -0.536
1574  -0.602  -0.568
1575  -0.336  -0.599
1576  -0.725  -0.630
1577  -0.493  -0.660
1578  -0.746  -0.688
1579  -0.944  -0.711
1580  -0.858  -0.727
1581  -0.839  -0.738
1582  -0.762  -0.743
1583  -0.557  -0.745
1584  -0.725  -0.747
1585  -0.844  -0.751
1586  -0.593  -0.759
1587  -0.703  -0.771
1588  -0.735  -0.784
1589  -0.910  -0.798
1590  -0.839  -0.810
1591  -0.981  -0.818
1592  -0.833  -0.823
1593  -0.894  -0.824
1594  -0.648  -0.823
1595  -0.817  -0.823
1596  -0.908  -0.826
1597  -0.821  -0.834
1598  -0.723  -0.847
1599  -0.630  -0.865
1600  -0.744  -0.888
1601  -1.186  -0.912
1602  -1.186  -0.936
1603  -0.931  -0.959
1604  -0.782  -0.980
1605  -1.015  -0.998
1606  -1.065  -1.014
1607  -0.997  -1.026
1608  -1.102  -1.035
1609  -1.138  -1.040
1610  -1.124  -1.042
1611  -0.969  -1.039
1612  -1.040  -1.034
1613  -1.097  -1.028
1614  -0.969  -1.023
1615  -1.026  -1.020
1616  -0.862  -1.020
1617  -0.896  -1.022
1618  -1.188  -1.025
1619  -1.074  -1.028
1620  -1.061  -1.029
1621  -0.958  -1.026
1622  -1.209  -1.020
1623  -1.015  -1.011
1624  -1.047  -1.001
1625  -0.855  -0.991
1626  -0.917  -0.982
1627  -0.919  -0.976
1628  -1.072  -0.973
1629  -0.862  -0.973
1630  -0.951  -0.973
1631  -1.061  -0.972
1632  -0.997  -0.969
1633  -1.031  -0.964
1634  -0.997  -0.956
1635  -0.974  -0.948
1636  -0.938  -0.941
1637  -0.785  -0.938
1638  -0.917  -0.943
1639  -0.869  -0.954
1640  -0.616  -0.972
1641  -1.067  -0.993
1642  -1.236  -1.013
1643  -1.120  -1.028
1644  -1.307  -1.033
1645  -1.031  -1.029
1646  -0.979  -1.016
1647  -1.138  -0.996
1648  -0.885  -0.971
1649  -0.940  -0.945
1650  -0.823  -0.920
1651  -0.769  -0.897
1652  -0.885  -0.874
1653  -0.981  -0.850
1654  -0.988  -0.824
1655  -0.801  -0.796
1656  -0.668  -0.765
1657  -0.794  -0.733
1658  -0.662  -0.702
1659  -0.666  -0.674
1660  -0.536  -0.650
1661  -0.522  -0.632
1662  -0.616  -0.619
1663  -0.778  -0.613
1664  -0.424  -0.612
1665  -0.548  -0.615
1666  -0.543  -0.623
1667  -0.755  -0.633
1668  -0.593  -0.646
1669  -0.650  -0.660
1670  -0.833  -0.676
1671  -0.668  -0.693
1672  -0.534  -0.713
1673  -0.598  -0.735
1674  -0.798  -0.757
1675  -0.858  -0.778
1676  -0.890  -0.795
1677  -0.947  -0.807
1678  -0.792  -0.812
1679  -0.851  -0.809
1680  -0.796  -0.798
1681  -1.010  -0.780
1682  -0.785  -0.758
1683  -0.507  -0.733
1684  -0.714  -0.707
1685  -0.753  -0.680
1686  -0.646  -0.654
1687  -0.607  -0.629
1688  -0.611  -0.605
1689  -0.538  -0.584
1690  -0.632  -0.566
1691  -0.488  -0.555
1692  -0.552  -0.551
1693  -0.363  -0.558
1694  -0.406  -0.576
1695  -0.454  -0.605
1696  -0.689  -0.643
1697  -0.582  -0.686
1698  -0.712  -0.729
1699  -1.074  -0.768
1700  -0.928  -0.798
1701  -0.965  -0.818
1702  -0.773  -0.827
1703  -0.858  -0.827
1704  -0.778  -0.819
1705  -0.967  -0.806
1706  -0.896  -0.792
1707  -0.559  -0.777
1708  -0.639  -0.763
1709  -0.696  -0.751
1710  -0.874  -0.740
1711  -0.837  -0.730
1712  -0.732  -0.719
1713  -0.600  -0.708
1714  -0.782  -0.698
1715  -0.600  -0.688
1716  -0.664  -0.679
1717  -0.623  -0.672
1718  -0.675  -0.664
1719  -0.671  -0.655
1720  -0.716  -0.644
1721  -0.721  -0.630
1722  -0.543  -0.614
1723  -0.810  -0.595
1724  -0.465  -0.577
1725  -0.393  -0.561
1726  -0.627  -0.550
1727  -0.310  -0.544
1728  -0.618  -0.546
1729  -0.484  -0.553
1730  -0.511  -0.565
1731  -0.639  -0.581
1732  -0.552  -0.599
1733  -0.725  -0.618
1734  -0.527  -0.636
1735  -0.712  -0.654
1736  -0.730  -0.672
1737  -0.684  -0.688
1738  -0.611  -0.703
1739  -0.687  -0.716
1740  -0.821  -0.726
1741  -0.817  -0.732
1742  -0.789  -0.735
1743  -0.748  -0.733
1744  -0.728  -0.728
1745  -0.741  -0.721
1746  -0.741  -0.712
1747  -0.582  -0.703
1748  -0.657  -0.694
1749  -0.780  -0.685
1750  -0.696  -0.675
1751  -0.673  -0.664
1752  -0.621  -0.652
1753  -0.698  -0.638
1754  -0.582  -0.623
1755  -0.721  -0.607
1756  -0.582  -0.592
1757  -0.395  -0.577
1758  -0.559  -0.565
1759  -0.605  -0.555
1760  -0.611  -0.547
1761  -0.475  -0.542
1762  -0.475  -0.539
1763  -0.422  -0.539
1764  -0.719  -0.542
1765  -0.563  -0.546
1766  -0.429  -0.552
1767  -0.440  -0.559
1768  -0.641  -0.565
1769  -0.591  -0.568
1770  -0.757  -0.568
1771  -0.618  -0.563
1772  -0.522  -0.555
1773  -0.575  -0.545
1774  -0.497  -0.534
1775  -0.367  -0.525
1776  -0.623  -0.519
1777  -0.438  -0.516
1778  -0.424  -0.517
1779  -0.554  -0.520
1780  -0.568  -0.524
1781  -0.452  -0.529
1782  -0.611  -0.532
1783  -0.762  -0.536
1784  -0.395  -0.540
1785  -0.465  -0.545
1786  -0.411  -0.552
1787  -0.493  -0.562
1788  -0.732  -0.572
1789  -0.586  -0.581
1790  -0.646  -0.588
1791  -0.595  -0.590
1792  -0.687  -0.588
1793  -0.671  -0.582
1794  -0.486  -0.572
1795  -0.563  -0.560
1796  -0.538  -0.548
1797  -0.559  -0.536
1798  -0.433  -0.526
1799  -0.445  -0.519
1800  -0.730  -0.515
1801  -0.319  -0.514
1802  -0.475  -0.517
1803  -0.591  -0.524
1804  -0.436  -0.538
1805  -0.502  -0.557
1806  -0.575  -0.582
1807  -0.598  -0.615
1808  -0.513  -0.654
1809  -0.577  -0.698
1810  -0.860  -0.745
1811  -0.712  -0.793
1812  -1.036  -0.839
1813  -0.880  -0.880
1814  -0.938  -0.916
1815  -0.992  -0.944
1816  -1.150  -0.965
1817  -0.869  -0.976
1818  -1.061  -0.979
1819  -1.022  -0.971
1820  -1.026  -0.954
1821  -1.122  -0.927
1822  -0.985  -0.892
1823  -0.732  -0.851
1824  -0.896  -0.807
1825  -0.812  -0.764
1826  -0.511  -0.725
1827  -0.554  -0.692
1828  -0.632  -0.668
1829  -0.559  -0.653
1830  -0.723  -0.646
1831  -0.605  -0.648
1832  -0.541  -0.657
1833  -0.737  -0.672
1834  -0.536  -0.691
1835  -0.627  -0.712
1836  -0.748  -0.733
1837  -0.938  -0.751
1838  -0.967  -0.763
1839  -0.746  -0.769
1840  -0.737  -0.766
1841  -0.874  -0.756
1842  -0.643  -0.740
1843  -0.860  -0.719
1844  -0.723  -0.694
1845  -0.719  -0.669
1846  -0.456  -0.644
1847  -0.696  -0.620
1848  -0.420  -0.598
1849  -0.641  -0.579
1850  -0.618  -0.563
1851  -0.632  -0.550
1852  -0.383  -0.538
1853  -0.497  -0.530
1854  -0.463  -0.522
1855  -0.545  -0.515
1856  -0.495  -0.508
1857  -0.662  -0.500
1858  -0.507  -0.491
1859  -0.550  -0.482
1860  -0.406  -0.475
1861  -0.199  -0.471
1862  -0.445  -0.471
1863  -0.525  -0.476
1864  -0.543  -0.484
1865  -0.543  -0.496
1866  -0.390  -0.510
1867  -0.518  -0.526
1868  -0.438  -0.543
1869  -0.764  -0.560
1870  -0.513  -0.576
1871  -0.529  -0.591
1872  -0.602  -0.601
1873  -0.737  -0.606
1874  -0.705  -0.605
1875  -0.719  -0.598
1876  -0.584  -0.585
1877  -0.518  -0.568
1878  -0.577  -0.551
1879  -0.516  -0.536
1880  -0.390  -0.526
1881  -0.504  -0.522
1882  -0.397  -0.525
1883  -0.415  -0.534
1884  -0.575  -0.546
1885  -0.750  -0.558
1886  -0.491  -0.569
1887  -0.637  -0.574
1888  -0.689  -0.574
1889  -0.664  -0.566
1890  -0.643  -0.552
1891  -0.395  -0.532
1892  -0.452  -0.509
1893  -0.655  -0.484
1894  -0.479  -0.460
1895  -0.422  -0.438
1896  -0.262  -0.421
1897  -0.187  -0.408
1898  -0.397  -0.401
1899  -0.582  -0.398
1900  -0.443  -0.397
1901  -0.251  -0.398
1902  -0.333  -0.398
1903  -0.554  -0.397
1904  -0.379  -0.393
1905  -0.520  -0.388
1906  -0.308  -0.382
1907  -0.486  -0.378
1908  -0.249  -0.378
1909  -0.162  -0.384
1910  -0.306  -0.394
1911  -0.306  -0.407
1912  -0.557  -0.420
1913  -0.714  -0.431
1914  -0.525  -0.435
1915  -0.304  -0.432
1916  -0.525  -0.422
1917  -0.479  -0.405
1918  -0.390  -0.383
1919  -0.308  -0.359
1920  -0.393  -0.335
1921  -0.326  -0.314
1922  -0.117  -0.296
1923  -0.158  -0.282
1924  -0.276  -0.272
1925  -0.336  -0.266
1926  -0.372  -0.261
1927  -0.151  -0.256
1928  -0.178  -0.249
1929  -0.406  -0.240
1930  -0.199  -0.226
1931  -0.317  -0.209
1932  -0.148  -0.188
1933  -0.247  -0.165
1934  -0.231  -0.142
1935   0.013  -0.122
1936  -0.023  -0.108
1937   0.082  -0.100
1938   0.132  -0.099
1939  -0.269  -0.103
1940  -0.185  -0.108
1941  -0.235  -0.114
1942  -0.094  -0.117
1943  -0.178  -0.116
1944  -0.144  -0.112
1945  -0.028  -0.106
1946  -0.014  -0.098
1947  -0.272  -0.089
1948   0.134  -0.079
1949  -0.349  -0.068
1950   0.155  -0.055
1951  -0.158  -0.041
1952  -0.078  -0.026
1953   0.077  -0.011
1954  -0.082   0.003
1955   0.086   0.014
1956   0.066   0.020
1957   0.061   0.019
1958   0.166   0.012
1959   0.141  -0.002
1960  -0.039  -0.020
1961  -0.153  -0.039
1962  -0.132  -0.059
1963  -0.121  -0.077
1964  -0.075  -0.093
1965  -0.151  -0.107
1966  -0.253  -0.122
1967   0.148  -0.139
1968  -0.206  -0.158
1969   0.114  -0.178
1970  -0.199  -0.198
1971  -0.557  -0.214
1972  -0.418  -0.222
1973  -0.258  -0.222
1974  -0.294  -0.212
1975  -0.219  -0.195
1976  -0.128  -0.174
1977   0.007  -0.150
1978  -0.121  -0.126
1979  -0.160  -0.104
1980  -0.110  -0.083
1981  -0.112  -0.066
1982  -0.000  -0.052
1983  -0.003  -0.042
1984   0.153  -0.036
1985   0.013  -0.034
1986  -0.000  -0.034
1987  -0.224  -0.035
1988  -0.114  -0.036
1989  -0.064  -0.035
1990   0.118  -0.033
1991  -0.114  -0.028
1992  -0.005  -0.024
