1492  -0.179  -0.155
1493  -0.148  -0.147
1494  -0.156  -0.139
1495  -0.055  -0.130
1496  -0.078  -0.121
1497  -0.168  -0.113
1498  -0.215  -0.106
1499  -0.218  -0.101
1500   0.128  -0.102
1501   0.067  -0.108
1502   0.041  -0.120
1503  -0.154  -0.137
1504  -0.260  -0.156
1505  -0.206  -0.173
1506  -0.349  -0.187
1507  -0.315  -0.197
1508  -0.239  -0.200
1509  -0.041  -0.199
1510  -0.041  -0.194
1511  -0.289  -0.186
1512  -0.557  -0.177
1513  -0.080  -0.168
1514  -0.005  -0.159
1515   0.054  -0.153
1516  -0.011  -0.149
1517  -0.388  -0.147
1518  -0.286  -0.147
1519  -0.177  -0.147
1520   0.005  -0.146
1521  -0.002  -0.143
1522  -0.174  -0.138
1523  -0.289  -0.128
1524  -0.213  -0.114
1525  -0.285  -0.096
1526  -0.004  -0.076
1527   0.039  -0.056
1528  -0.016  -0.038
1529   0.210  -0.026
1530   0.014  -0.021
1531  -0.042  -0.023
1532   0.001  -0.032
1533  -0.079  -0.046
1534  -0.101  -0.064
1535  -0.002  -0.085
1536  -0.019  -0.108
1537  -0.099  -0.132
1538  -0.128  -0.153
1539  -0.420  -0.172
1540  -0.290  -0.187
1541  -0.205  -0.196
1542  -0.054  -0.202
1543  -0.321  -0.203
1544  -0.211  -0.203
1545  -0.124  -0.201
1546  -0.258  -0.202
1547  -0.234  -0.206
1548  -0.183  -0.215
1549  -0.089  -0.230
1550  -0.036  -0.251
1551  -0.226  -0.278
1552  -0.375  -0.306
1553  -0.401  -0.331
1554  -0.435  -0.350
1555  -0.556  -0.359
1556  -0.648  -0.357
1557  -0.354  -0.345
1558  -0.194  -0.324
1559  -0.177  -0.299
1560  -0.263  -0.271
1561  -0.473  -0.244
1562  -0.150  -0.218
1563  -0.003  -0.196
1564  -0.185  -0.179
1565  -0.171  -0.166
1566  -0.121  -0.159
1567  -0.123  -0.158
1568  -0.107  -0.162
1569  -0.133  -0.171
1570  -0.093  -0.183
1571  -0.221  -0.196
1572  -0.265  -0.209
1573  -0.264  -0.220
1574  -0.384  -0.227
1575  -0.232  -0.231
1576  -0.188  -0.233
1577  -0.216  -0.236
1578  -0.217  -0.243
1579  -0.188  -0.257
1580  -0.219  -0.277
1581  -0.085  -0.306
1582  -0.234  -0.339
1583  -0.374  -0.373
1584  -0.535  -0.404
1585  -0.687  -0.425
1586  -0.686  -0.436
1587  -0.561  -0.435
1588  -0.473  -0.425
1589  -0.262  -0.410
1590  -0.240  -0.395
1591  -0.259  -0.383
1592  -0.337  -0.377
1593  -0.370  -0.377
1594  -0.443  -0.383
1595  -0.400  -0.392
1596  -0.351  -0.402
1597  -0.498  -0.412
1598  -0.332  -0.419
1599  -0.320  -0.419
1600  -0.529  -0.412
1601  -0.694  -0.394
1602  -0.686  -0.366
1603  -0.371  -0.330
1604  -0.053  -0.288
1605  -0.110  -0.245
1606  -0.121  -0.205
1607  -0.185  -0.171
1608  -0.209  -0.147
1609  -0.106  -0.133
1610   0.152  -0.130
1611   0.019  -0.137
1612  -0.124  -0.151
1613  -0.100  -0.169
1614  -0.420  -0.187
1615  -0.328  -0.200
1616  -0.216  -0.205
1617  -0.251  -0.202
1618  -0.437  -0.189
1619  -0.206  -0.169
1620  -0.011  -0.144
1621   0.056  -0.117
1622  -0.158  -0.092
1623  -0.175  -0.069
1624   0.009  -0.052
1625   0.087  -0.043
1626  -0.032  -0.042
1627   0.063  -0.050
1628   0.139  -0.068
1629  -0.044  -0.094
1630  -0.172  -0.124
1631  -0.180  -0.156
1632  -0.257  -0.187
1633  -0.329  -0.212
1634  -0.288  -0.232
1635  -0.326  -0.246
1636  -0.292  -0.257
1637  -0.278  -0.267
1638  -0.176  -0.279
1639  -0.113  -0.295
1640  -0.109  -0.314
1641  -0.294  -0.336
1642  -0.720  -0.356
1643  -0.470  -0.372
1644  -0.439  -0.380
1645  -0.458  -0.380
1646  -0.280  -0.371
1647  -0.409  -0.354
1648  -0.407  -0.333
1649  -0.436  -0.310
1650  -0.311  -0.288
1651  -0.093  -0.270
1652   0.086  -0.258
1653  -0.205  -0.251
1654  -0.373  -0.249
1655  -0.336  -0.249
1656  -0.358  -0.250
1657  -0.203  -0.250
1658  -0.310  -0.248
1659  -0.149  -0.245
1660  -0.254  -0.243
1661  -0.165  -0.242
1662  -0.339  -0.243
1663  -0.287  -0.248
1664  -0.019  -0.256
1665  -0.082  -0.267
1666  -0.456  -0.278
1667  -0.516  -0.289
1668  -0.232  -0.298
1669  -0.365  -0.305
1670  -0.292  -0.310
1671  -0.242  -0.315
1672  -0.303  -0.319
1673  -0.202  -0.324
1674  -0.407  -0.329
1675  -0.438  -0.334
1676  -0.426  -0.339
1677  -0.248  -0.344
1678  -0.375  -0.349
1679  -0.184  -0.355
1680  -0.319  -0.362
1681  -0.478  -0.371
1682  -0.481  -0.380
1683  -0.388  -0.390
1684  -0.368  -0.399
1685  -0.243  -0.408
1686  -0.380  -0.416
1687  -0.584  -0.421
1688  -0.550  -0.422
1689  -0.476  -0.421
1690  -0.424  -0.418
1691  -0.386  -0.417
1692  -0.374  -0.420
1693  -0.315  -0.429
1694  -0.165  -0.446
1695  -0.328  -0.470
1696  -0.577  -0.496
1697  -0.741  -0.521
1698  -0.666  -0.540
1699  -0.691  -0.553
1700  -0.703  -0.557
1701  -0.483  -0.556
1702  -0.464  -0.550
1703  -0.453  -0.543
1704  -0.458  -0.536
1705  -0.500  -0.529
1706  -0.673  -0.520
1707  -0.599  -0.509
1708  -0.650  -0.495
1709  -0.359  -0.478
1710  -0.549  -0.460
1711  -0.317  -0.442
1712  -0.311  -0.426
1713  -0.365  -0.411
1714  -0.338  -0.398
1715  -0.602  -0.384
1716  -0.399  -0.369
1717  -0.416  -0.352
1718  -0.368  -0.334
1719  -0.181  -0.315
1720  -0.257  -0.298
1721  -0.325  -0.284
1722  -0.155  -0.273
1723  -0.183  -0.266
1724  -0.306  -0.261
1725  -0.247  -0.256
1726  -0.387  -0.251
1727  -0.218  -0.243
1728  -0.359  -0.234
1729  -0.229  -0.223
1730  -0.059  -0.211
1731  -0.064  -0.200
1732  -0.358  -0.191
1733  -0.222  -0.183
1734  -0.125  -0.177
1735  -0.061  -0.174
1736  -0.235  -0.171
1737  -0.080  -0.170
1738  -0.265  -0.170
1739  -0.165  -0.171
1740  -0.171  -0.172
1741  -0.217  -0.172
1742  -0.102  -0.173
1743  -0.131  -0.173
1744  -0.133  -0.173
1745  -0.290  -0.171
1746  -0.269  -0.169
1747  -0.192  -0.166
1748  -0.092  -0.162
1749  -0.040  -0.157
1750  -0.003  -0.153
1751  -0.295  -0.149
1752  -0.418  -0.145
1753  -0.097  -0.142
1754  -0.029  -0.143
1755  -0.030  -0.148
1756  -0.006  -0.158
1757  -0.046  -0.174
1758  -0.227  -0.194
1759  -0.367  -0.216
1760  -0.295  -0.236
1761  -0.314  -0.253
1762  -0.276  -0.265
1763  -0.356  -0.271
1764  -0.203  -0.272
1765  -0.227  -0.269
1766  -0.325  -0.261
1767  -0.390  -0.250
1768  -0.268  -0.236
1769  -0.190  -0.220
1770  -0.274  -0.206
1771   0.048  -0.193
1772  -0.104  -0.184
1773  -0.239  -0.178
1774  -0.208  -0.175
1775  -0.134  -0.174
1776  -0.208  -0.174
1777  -0.149  -0.172
1778  -0.186  -0.170
1779  -0.341  -0.166
1780  -0.130  -0.161
1781   0.005  -0.155
1782  -0.043  -0.151
1783  -0.352  -0.147
1784  -0.167  -0.146
1785  -0.139  -0.146
1786   0.063  -0.148
1787  -0.043  -0.151
1788  -0.220  -0.152
1789  -0.425  -0.150
1790  -0.240  -0.144
1791  -0.160  -0.135
1792  -0.012  -0.122
1793  -0.011  -0.108
1794  -0.163  -0.095
1795  -0.022  -0.085
1796  -0.088  -0.078
1797  -0.026  -0.075
1798  -0.085  -0.077
1799   0.062  -0.084
1800  -0.116  -0.094
1801  -0.137  -0.108
1802  -0.102  -0.126
1803  -0.056  -0.149
1804  -0.325  -0.178
1805  -0.190  -0.214
1806  -0.110  -0.259
1807   0.138  -0.310
1808  -0.281  -0.366
1809  -0.611  -0.422
1810  -0.895  -0.474
1811  -0.600  -0.519
1812  -0.730  -0.556
1813  -0.539  -0.583
1814  -0.347  -0.602
1815  -0.425  -0.615
1816  -0.980  -0.620
1817  -0.813  -0.619
1818  -0.691  -0.612
1819  -0.691  -0.599
1820  -0.382  -0.581
1821  -0.390  -0.559
1822  -0.662  -0.535
1823  -0.582  -0.508
1824  -0.535  -0.480
1825  -0.619  -0.451
1826  -0.367  -0.422
1827  -0.185  -0.395
1828  -0.256  -0.370
1829  -0.289  -0.347
1830  -0.372  -0.325
1831  -0.520  -0.306
1832  -0.453  -0.287
1833  -0.126  -0.271
1834  -0.069  -0.259
1835  -0.126  -0.252
1836  -0.103  -0.250
1837  -0.262  -0.251
1838  -0.458  -0.255
1839  -0.377  -0.259
1840  -0.321  -0.262
1841  -0.143  -0.265
1842  -0.202  -0.269
1843  -0.139  -0.274
1844  -0.319  -0.281
1845  -0.324  -0.290
1846  -0.312  -0.300
1847  -0.416  -0.309
1848  -0.236  -0.317
1849  -0.231  -0.323
1850  -0.415  -0.325
1851  -0.582  -0.326
1852  -0.296  -0.325
1853  -0.103  -0.325
1854  -0.433  -0.327
1855  -0.136  -0.332
1856  -0.307  -0.341
1857  -0.327  -0.351
1858  -0.547  -0.362
1859  -0.275  -0.371
1860  -0.412  -0.375
1861  -0.542  -0.373
1862  -0.469  -0.365
1863  -0.334  -0.352
1864  -0.478  -0.337
1865  -0.151  -0.322
1866   0.011  -0.309
1867  -0.471  -0.300
1868  -0.332  -0.294
1869  -0.117  -0.291
1870  -0.431  -0.289
1871  -0.340  -0.286
1872  -0.241  -0.281
1873  -0.265  -0.274
1874  -0.471  -0.267
1875  -0.214  -0.261
1876  -0.121  -0.260
1877  -0.111  -0.265
1878  -0.247  -0.280
1879  -0.190  -0.304
1880  -0.337  -0.336
1881  -0.135  -0.372
1882  -0.440  -0.406
1883  -0.542  -0.433
1884  -0.910  -0.447
1885  -0.627  -0.448
1886  -0.726  -0.436
1887  -0.288  -0.415
1888  -0.123  -0.390
1889  -0.230  -0.365
1890  -0.153  -0.344
1891  -0.376  -0.326
1892  -0.482  -0.309
1893  -0.314  -0.292
1894  -0.413  -0.272
1895  -0.395  -0.248
1896  -0.006  -0.222
1897  -0.248  -0.196
1898  -0.196  -0.173
1899   0.021  -0.155
1900  -0.036  -0.143
1901   0.033  -0.137
1902  -0.104  -0.136
1903  -0.389  -0.136
1904  -0.347  -0.138
1905  -0.100  -0.139
1906   0.053  -0.142
1907   0.021  -0.148
1908  -0.214  -0.158
1909  -0.222  -0.172
1910  -0.087  -0.189
1911  -0.138  -0.209
1912  -0.298  -0.227
1913  -0.223  -0.241
1914  -0.369  -0.248
1915  -0.588  -0.246
1916  -0.158  -0.233
1917  -0.272  -0.211
1918  -0.257  -0.181
1919  -0.107  -0.145
1920  -0.054  -0.106
1921  -0.038  -0.066
1922  -0.143  -0.025
1923   0.148   0.015
1924   0.057   0.055
1925   0.020   0.091
1926   0.047   0.125
1927   0.329   0.152
1928   0.192   0.171
1929   0.309   0.180
1930   0.288   0.177
1931   0.352   0.162
1932   0.201   0.139
1933   0.212   0.112
1934  -0.006   0.086
1935  -0.234   0.066
1936  -0.131   0.057
1937  -0.029   0.061
1938  -0.039   0.076
1939   0.105   0.100
1940   0.194   0.127
1941   0.262   0.152
1942   0.114   0.170
1943   0.424   0.178
1944   0.344   0.176
1945   0.299   0.162
1946   0.140   0.140
1947   0.022   0.115
1948  -0.076   0.088
1949   0.095   0.065
1950   0.063   0.047
1951  -0.098   0.037
1952  -0.015   0.033
1953   0.008   0.036
1954  -0.036   0.043
1955   0.058   0.053
1956   0.059   0.061
1957   0.199   0.065
1958   0.174   0.063
1959   0.181   0.053
1960  -0.023   0.034
1961   0.036   0.008
1962   0.120  -0.023
1963  -0.016  -0.056
1964  -0.083  -0.087
1965  -0.363  -0.112
1966  -0.356  -0.131
1967  -0.181  -0.142
1968  -0.019  -0.146
1969  -0.222  -0.144
1970  -0.172  -0.141
1971  -0.040  -0.137
1972  -0.036  -0.134
1973  -0.139  -0.130
1974  -0.021  -0.125
1975  -0.197  -0.115
1976  -0.506  -0.099
1977  -0.185  -0.077
1978   0.026  -0.051
1979   0.059  -0.023
1980   0.090   0.004
1981   0.245   0.029
1982   0.257   0.052
1983  -0.222   0.075
1984  -0.102   0.099
1985   0.066   0.126
1986   0.099   0.155
1987   0.242   0.185
1988   0.271   0.212
1989   0.376   0.235
1990   0.536   0.255
1991   0.458   0.273
1992   0.043   0.294
1993  -0.085   0.323
1994   0.052   0.363
1995   0.390   0.416
1996   0.585   0.478
1997   0.462   0.545
1998   0.796   0.611
1999   0.833   0.671
