1856  -0.374  -0.341
1857  -0.349  -0.333
1858  -0.330  -0.325
1859  -0.094  -0.318
1860  -0.364  -0.311
1861  -0.249  -0.303
1862  -0.609  -0.294
1863  -0.134  -0.282
1864  -0.444  -0.268
1865  -0.184  -0.254
1866  -0.148  -0.240
1867  -0.257  -0.230
1868  -0.079  -0.225
1869  -0.148  -0.224
1870  -0.197  -0.228
1871  -0.308  -0.235
1872  -0.199  -0.242
1873  -0.289  -0.247
1874  -0.255  -0.249
1875  -0.497  -0.247
1876  -0.363  -0.243
1877  -0.145  -0.239
1878   0.129  -0.236
1879  -0.241  -0.238
1880  -0.265  -0.244
1881  -0.252  -0.254
1882  -0.236  -0.265
1883  -0.351  -0.276
1884  -0.394  -0.285
1885  -0.357  -0.291
1886  -0.255  -0.296
1887  -0.277  -0.301
1888  -0.273  -0.305
1889  -0.147  -0.311
1890  -0.358  -0.318
1891  -0.317  -0.323
1892  -0.422  -0.326
1893  -0.484  -0.323
1894  -0.371  -0.316
1895  -0.379  -0.305
1896  -0.206  -0.292
1897  -0.198  -0.281
1898  -0.272  -0.273
1899  -0.173  -0.271
1900  -0.143  -0.275
1901  -0.171  -0.286
1902  -0.358  -0.302
1903  -0.414  -0.320
1904  -0.445  -0.338
1905  -0.333  -0.354
1906  -0.212  -0.368
1907  -0.526  -0.378
1908  -0.433  -0.385
1909  -0.405  -0.387
1910  -0.380  -0.386
1911  -0.400  -0.381
1912  -0.482  -0.375
1913  -0.417  -0.367
1914  -0.244  -0.360
1915  -0.123  -0.352
1916  -0.373  -0.344
1917  -0.532  -0.335
1918  -0.416  -0.323
1919  -0.362  -0.309
1920  -0.279  -0.291
1921  -0.139  -0.272
1922  -0.282  -0.251
1923  -0.255  -0.230
1924  -0.274  -0.211
1925  -0.149  -0.193
1926  -0.028  -0.177
1927  -0.152  -0.163
1928  -0.155  -0.150
1929  -0.345  -0.138
1930  -0.052  -0.126
1931  -0.005  -0.113
1932  -0.063  -0.099
1933  -0.240  -0.083
1934  -0.062  -0.066
1935  -0.113  -0.048
1936  -0.053  -0.029
1937   0.065  -0.011
1938   0.173   0.004
1939   0.050   0.017
1940  -0.077   0.027
1941   0.009   0.035
1942   0.026   0.039
1943   0.076   0.040
1944   0.214   0.038
1945   0.037   0.033
1946   0.000   0.025
1947  -0.018   0.017
1948   0.026   0.009
1949  -0.006   0.002
1950  -0.169  -0.004
1951   0.013  -0.008
1952   0.033  -0.011
1953   0.168  -0.012
1954  -0.070  -0.012
1955  -0.065  -0.010
1956  -0.253  -0.006
1957   0.016  -0.001
1958   0.141   0.005
1959   0.051   0.008
1960   0.042   0.009
1961   0.032   0.006
1962   0.078  -0.000
1963   0.129  -0.010
1964  -0.200  -0.021
1965  -0.163  -0.033
1966  -0.012  -0.044
1967   0.001  -0.055
1968  -0.044  -0.065
1969  -0.026  -0.075
1970  -0.051  -0.085
1971  -0.185  -0.092
1972  -0.209  -0.097
1973   0.036  -0.097
1974  -0.231  -0.091
1975  -0.112  -0.079
1976  -0.270  -0.062
1977   0.047  -0.040
1978  -0.043  -0.016
1979   0.050   0.008
1980   0.088   0.029
1981   0.241   0.048
1982  -0.013   0.064
1983   0.193   0.080
1984  -0.039   0.096
1985  -0.090   0.115
1986   0.073   0.137
1987   0.220   0.161
1988   0.268   0.187
1989   0.198   0.213
1990   0.416   0.237
1991   0.309   0.261
1992   0.123   0.285
1993   0.188   0.310
1994   0.311   0.337
1995   0.492   0.366
1996   0.220   0.397
1997   0.485   0.428
1998   0.663   0.459
1999   0.465   0.488
2000   0.405   0.515
2001   0.548   0.540
2002   0.602   0.562
2003   0.612   0.582
2004   0.629   0.600
2005   0.648   0.614
