1000  -0.054  -0.135
1001  -0.244  -0.153
1002  -0.241  -0.169
1003  -0.300  -0.181
1004  -0.191  -0.188
1005  -0.253  -0.191
1006  -0.184  -0.191
1007  -0.116  -0.189
1008  -0.249  -0.188
1009  -0.150  -0.188
1010  -0.001  -0.190
1011  -0.245  -0.194
1012  -0.283  -0.199
1013  -0.199  -0.203
1014  -0.232  -0.204
1015  -0.235  -0.203
1016  -0.241  -0.198
1017  -0.201  -0.190
1018  -0.323  -0.181
1019  -0.089  -0.171
1020  -0.010  -0.163
1021  -0.096  -0.157
1022  -0.194  -0.154
1023  -0.152  -0.155
1024  -0.163  -0.158
1025  -0.146  -0.163
1026  -0.213  -0.170
1027  -0.100  -0.177
1028  -0.207  -0.184
1029  -0.181  -0.192
1030  -0.211  -0.198
1031  -0.249  -0.204
1032  -0.135  -0.207
1033  -0.292  -0.207
1034  -0.297  -0.205
1035  -0.258  -0.200
1036  -0.148  -0.193
1037  -0.042  -0.186
1038  -0.215  -0.177
1039  -0.213  -0.168
1040  -0.188  -0.159
1041  -0.172  -0.150
1042  -0.149  -0.143
1043  -0.136  -0.137
1044  -0.036  -0.134
1045   0.007  -0.133
1046  -0.131  -0.135
1047  -0.271  -0.139
1048  -0.126  -0.144
1049  -0.194  -0.151
1050  -0.198  -0.158
1051  -0.004  -0.166
1052  -0.108  -0.175
1053  -0.210  -0.184
1054  -0.286  -0.192
1055  -0.294  -0.198
1056  -0.229  -0.202
1057  -0.114  -0.204
1058  -0.124  -0.203
1059  -0.394  -0.199
1060  -0.229  -0.194
1061  -0.100  -0.188
1062  -0.131  -0.182
1063  -0.250  -0.176
1064  -0.105  -0.171
1065  -0.253  -0.166
1066  -0.051  -0.162
1067  -0.082  -0.158
1068  -0.307  -0.153
1069  -0.210  -0.149
1070  -0.110  -0.144
1071  -0.128  -0.141
1072  -0.026  -0.139
1073  -0.139  -0.139
1074  -0.146  -0.140
1075  -0.070  -0.142
1076  -0.153  -0.144
1077  -0.243  -0.144
1078  -0.381  -0.142
1079  -0.001  -0.138
1080  -0.006  -0.133
1081  -0.092  -0.127
1082  -0.241  -0.121
1083  -0.199  -0.116
1084  -0.001  -0.112
1085  -0.095  -0.109
1086   0.070  -0.108
1087  -0.205  -0.108
1088  -0.185  -0.108
1089  -0.266  -0.109
1090  -0.016  -0.110
1091   0.017  -0.113
1092   0.044  -0.118
1093  -0.227  -0.124
1094  -0.241  -0.130
1095  -0.118  -0.135
1096  -0.103  -0.139
1097  -0.199  -0.139
1098  -0.266  -0.138
1099  -0.084  -0.134
1100  -0.142  -0.129
1101   0.014  -0.124
1102  -0.136  -0.120
1103  -0.123  -0.117
1104  -0.151  -0.116
1105  -0.171  -0.118
1106  -0.068  -0.121
1107  -0.010  -0.127
1108  -0.052  -0.136
1109  -0.184  -0.146
1110  -0.331  -0.157
1111  -0.085  -0.168
1112  -0.111  -0.179
1113  -0.206  -0.189
1114  -0.301  -0.197
1115  -0.259  -0.204
1116  -0.163  -0.209
1117  -0.132  -0.214
1118  -0.211  -0.217
1119  -0.217  -0.218
1120  -0.323  -0.217
1121  -0.345  -0.215
1122  -0.131  -0.210
1123  -0.262  -0.205
1124  -0.117  -0.200
1125  -0.075  -0.197
1126  -0.173  -0.196
1127  -0.282  -0.198
1128  -0.190  -0.201
1129  -0.145  -0.204
1130  -0.287  -0.208
1131  -0.214  -0.211
1132  -0.245  -0.213
1133  -0.217  -0.216
1134  -0.140  -0.218
1135  -0.207  -0.222
1136  -0.250  -0.227
1137  -0.212  -0.232
1138  -0.213  -0.238
1139  -0.311  -0.244
1140  -0.243  -0.249
1141  -0.206  -0.252
1142  -0.375  -0.253
1143  -0.146  -0.251
1144  -0.336  -0.246
1145  -0.317  -0.238
1146  -0.266  -0.227
1147  -0.195  -0.213
1148  -0.112  -0.199
1149  -0.185  -0.183
1150  -0.229  -0.169
1151  -0.214  -0.156
1152  -0.044  -0.146
1153  -0.053  -0.138
1154  -0.058  -0.134
1155  -0.187  -0.132
1156  -0.181  -0.132
1157  -0.106  -0.133
1158  -0.080  -0.134
1159  -0.254  -0.133
1160  -0.120  -0.130
1161  -0.052  -0.124
1162  -0.243  -0.115
1163  -0.179  -0.103
1164  -0.031  -0.089
1165  -0.088  -0.073
1166  -0.027  -0.058
1167  -0.047  -0.044
1168   0.028  -0.034
1169  -0.025  -0.028
1170   0.022  -0.027
1171   0.046  -0.032
1172   0.030  -0.041
1173  -0.071  -0.055
1174  -0.044  -0.072
1175  -0.062  -0.088
1176  -0.142  -0.103
1177  -0.247  -0.115
1178  -0.231  -0.123
1179  -0.228  -0.127
1180   0.050  -0.129
1181  -0.020  -0.130
1182  -0.212  -0.131
1183  -0.131  -0.133
1184  -0.044  -0.134
1185  -0.268  -0.136
1186  -0.198  -0.138
1187  -0.139  -0.141
1188  -0.068  -0.145
1189  -0.154  -0.152
1190   0.091  -0.162
1191  -0.278  -0.176
1192  -0.306  -0.193
1193   0.035  -0.211
1194  -0.387  -0.229
1195  -0.244  -0.245
1196  -0.395  -0.258
1197  -0.339  -0.267
1198  -0.171  -0.272
1199  -0.241  -0.274
1200  -0.320  -0.274
1201  -0.441  -0.274
1202  -0.206  -0.274
1203  -0.080  -0.276
1204  -0.257  -0.279
1205  -0.262  -0.283
1206  -0.385  -0.285
1207  -0.326  -0.285
1208  -0.438  -0.281
1209  -0.261  -0.272
1210  -0.347  -0.261
1211  -0.141  -0.248
1212  -0.156  -0.236
1213  -0.238  -0.225
1214  -0.182  -0.217
1215  -0.118  -0.211
1216  -0.186  -0.205
1217  -0.343  -0.198
1218  -0.211  -0.189
1219  -0.365  -0.176
1220  -0.165  -0.163
1221  -0.029  -0.152
1222  -0.024  -0.144
1223  -0.118  -0.142
1224   0.058  -0.147
1225  -0.053  -0.158
1226  -0.289  -0.173
1227  -0.297  -0.189
1228  -0.236  -0.203
1229  -0.311  -0.215
1230  -0.292  -0.222
1231  -0.094  -0.226
1232  -0.232  -0.229
1233  -0.215  -0.230
1234  -0.278  -0.230
1235  -0.196  -0.231
1236  -0.247  -0.232
1237  -0.285  -0.232
1238  -0.169  -0.233
1239  -0.278  -0.234
1240  -0.149  -0.234
1241  -0.290  -0.233
1242  -0.228  -0.230
1243  -0.221  -0.223
1244  -0.353  -0.211
1245  -0.212  -0.195
1246  -0.237  -0.176
1247  -0.323  -0.154
1248   0.026  -0.133
1249   0.152  -0.114
1250  -0.082  -0.101
1251  -0.275  -0.096
1252  -0.017  -0.098
1253   0.137  -0.107
1254  -0.075  -0.122
1255  -0.121  -0.142
1256  -0.271  -0.165
1257  -0.308  -0.187
1258  -0.226  -0.208
1259  -0.105  -0.226
1260  -0.255  -0.241
1261  -0.302  -0.252
1262  -0.359  -0.258
1263  -0.375  -0.260
1264  -0.192  -0.257
1265  -0.232  -0.252
1266  -0.253  -0.243
1267  -0.259  -0.231
1268  -0.274  -0.219
1269  -0.171  -0.205
1270  -0.211  -0.193
1271  -0.150  -0.182
1272  -0.128  -0.173
1273  -0.126  -0.167
1274  -0.166  -0.165
1275  -0.065  -0.166
1276  -0.160  -0.168
1277  -0.235  -0.171
1278  -0.247  -0.173
1279  -0.188  -0.175
1280  -0.151  -0.175
1281  -0.239  -0.176
1282  -0.137  -0.176
1283  -0.017  -0.178
1284  -0.226  -0.181
1285  -0.234  -0.186
1286  -0.135  -0.192
1287  -0.191  -0.197
1288  -0.317  -0.202
1289  -0.220  -0.206
1290  -0.202  -0.210
1291  -0.134  -0.213
1292  -0.186  -0.217
1293  -0.294  -0.221
1294  -0.188  -0.224
1295  -0.157  -0.226
1296  -0.315  -0.227
1297  -0.381  -0.225
1298  -0.168  -0.220
1299  -0.239  -0.212
1300  -0.149  -0.203
1301  -0.140  -0.193
1302  -0.273  -0.182
1303  -0.196  -0.172
1304  -0.145  -0.164
1305  -0.123  -0.157
1306  -0.025  -0.152
1307  -0.123  -0.148
1308  -0.128  -0.144
1309  -0.367  -0.139
1310  -0.207  -0.132
1311   0.029  -0.123
1312  -0.106  -0.114
1313  -0.251  -0.105
1314   0.045  -0.097
1315  -0.046  -0.093
1316  -0.009  -0.092
1317  -0.114  -0.094
1318  -0.059  -0.098
1319  -0.146  -0.103
1320  -0.200  -0.109
1321  -0.038  -0.113
1322  -0.175  -0.117
1323  -0.184  -0.121
1324  -0.096  -0.125
1325  -0.006  -0.131
1326  -0.058  -0.140
1327  -0.179  -0.151
1328  -0.162  -0.165
1329  -0.247  -0.180
1330  -0.297  -0.196
1331   0.028  -0.212
1332  -0.285  -0.228
1333  -0.298  -0.243
1334  -0.303  -0.258
1335  -0.296  -0.273
1336  -0.266  -0.288
1337  -0.231  -0.303
1338  -0.264  -0.317
1339  -0.328  -0.330
1340  -0.480  -0.342
1341  -0.436  -0.352
1342  -0.381  -0.360
1343  -0.283  -0.366
1344  -0.270  -0.372
1345  -0.449  -0.376
1346  -0.379  -0.379
1347  -0.380  -0.378
1348  -0.429  -0.374
1349  -0.477  -0.364
1350  -0.424  -0.349
1351  -0.354  -0.329
1352  -0.363  -0.306
1353  -0.217  -0.283
1354  -0.159  -0.261
1355  -0.194  -0.243
1356  -0.145  -0.229
1357  -0.206  -0.219
1358  -0.247  -0.212
1359  -0.179  -0.206
1360  -0.290  -0.199
1361  -0.246  -0.190
1362  -0.120  -0.178
1363  -0.270  -0.164
1364  -0.184  -0.149
1365  -0.128  -0.134
1366   0.121  -0.121
1367  -0.196  -0.110
1368   0.034  -0.103
1369  -0.257  -0.099
1370  -0.122  -0.098
1371  -0.024  -0.100
1372   0.019  -0.106
1373  -0.120  -0.114
1374  -0.070  -0.124
1375  -0.195  -0.134
1376  -0.165  -0.143
1377  -0.236  -0.150
1378  -0.194  -0.154
1379  -0.165  -0.156
1380  -0.203  -0.156
1381  -0.068  -0.155
1382  -0.079  -0.153
1383  -0.063  -0.151
1384  -0.301  -0.149
1385  -0.205  -0.145
1386  -0.216  -0.140
1387  -0.158  -0.133
1388  -0.002  -0.127
1389  -0.066  -0.122
1390  -0.100  -0.118
1391  -0.099  -0.118
1392  -0.141  -0.121
1393  -0.109  -0.127
1394  -0.184  -0.137
1395  -0.079  -0.150
1396  -0.073  -0.167
1397  -0.145  -0.187
1398  -0.132  -0.207
1399  -0.288  -0.226
1400  -0.425  -0.242
1401  -0.359  -0.254
1402  -0.252  -0.260
1403  -0.212  -0.261
1404  -0.337  -0.258
1405  -0.272  -0.253
1406  -0.170  -0.247
1407  -0.233  -0.241
1408  -0.222  -0.237
1409  -0.206  -0.235
1410  -0.229  -0.233
1411  -0.196  -0.233
1412  -0.299  -0.232
1413  -0.277  -0.232
1414  -0.258  -0.232
1415  -0.210  -0.232
1416  -0.123  -0.234
1417  -0.201  -0.237
1418  -0.226  -0.241
1419  -0.267  -0.245
1420  -0.285  -0.248
1421  -0.406  -0.250
1422  -0.261  -0.251
1423  -0.200  -0.250
1424  -0.136  -0.250
1425  -0.247  -0.251
1426  -0.194  -0.252
1427  -0.328  -0.254
1428  -0.274  -0.256
1429  -0.302  -0.255
1430  -0.242  -0.251
1431  -0.321  -0.245
1432  -0.297  -0.237
1433  -0.166  -0.227
1434  -0.217  -0.218
1435  -0.152  -0.209
1436  -0.149  -0.202
1437  -0.129  -0.198
1438  -0.265  -0.195
1439  -0.296  -0.195
1440  -0.160  -0.197
1441  -0.105  -0.201
1442  -0.213  -0.207
1443  -0.140  -0.217
1444  -0.150  -0.230
1445  -0.311  -0.245
1446  -0.314  -0.262
1447  -0.231  -0.279
1448  -0.308  -0.297
1449  -0.354  -0.313
1450  -0.371  -0.330
1451  -0.320  -0.347
1452  -0.269  -0.365
1453  -0.358  -0.384
1454  -0.437  -0.403
1455  -0.436  -0.422
1456  -0.474  -0.440
1457  -0.447  -0.457
1458  -0.533  -0.471
1459  -0.507  -0.483
1460  -0.462  -0.491
1461  -0.510  -0.497
1462  -0.579  -0.500
1463  -0.451  -0.500
1464  -0.576  -0.498
1465  -0.502  -0.495
1466  -0.459  -0.489
1467  -0.467  -0.483
1468  -0.520  -0.476
1469  -0.435  -0.468
1470  -0.402  -0.458
1471  -0.535  -0.447
1472  -0.520  -0.433
1473  -0.474  -0.417
1474  -0.273  -0.399
1475  -0.444  -0.381
1476  -0.361  -0.362
1477  -0.313  -0.344
1478  -0.320  -0.328
1479  -0.255  -0.314
1480  -0.272  -0.302
1481  -0.252  -0.292
1482  -0.376  -0.284
1483  -0.306  -0.276
1484  -0.211  -0.270
1485  -0.211  -0.264
1486  -0.293  -0.259
1487  -0.291  -0.256
1488  -0.226  -0.255
1489  -0.199  -0.256
1490  -0.220  -0.261
1491  -0.193  -0.270
1492  -0.392  -0.281
1493  -0.201  -0.294
1494  -0.250  -0.308
1495  -0.344  -0.321
1496  -0.428  -0.331
1497  -0.466  -0.337
1498  -0.353  -0.337
1499  -0.339  -0.333
1500  -0.311  -0.325
1501  -0.324  -0.313
1502  -0.379  -0.298
1503  -0.228  -0.281
1504  -0.216  -0.263
1505  -0.297  -0.245
1506  -0.293  -0.227
1507  -0.186  -0.210
1508  -0.162  -0.197
1509  -0.132  -0.189
1510  -0.057  -0.186
1511  -0.089  -0.189
1512  -0.176  -0.198
1513  -0.287  -0.210
1514  -0.243  -0.224
1515  -0.279  -0.238
1516  -0.194  -0.250
1517  -0.253  -0.260
1518  -0.383  -0.266
1519  -0.326  -0.269
1520  -0.264  -0.268
1521  -0.219  -0.264
1522  -0.352  -0.257
1523  -0.241  -0.249
1524  -0.227  -0.242
1525  -0.166  -0.235
1526  -0.208  -0.229
1527  -0.153  -0.225
1528  -0.315  -0.223
1529  -0.293  -0.222
1530  -0.165  -0.222
1531  -0.138  -0.223
1532  -0.197  -0.226
1533  -0.278  -0.230
1534  -0.281  -0.234
1535  -0.179  -0.239
1536  -0.232  -0.244
1537  -0.278  -0.248
1538  -0.316  -0.253
1539  -0.179  -0.257
1540  -0.264  -0.261
1541  -0.299  -0.264
1542  -0.232  -0.268
1543  -0.315  -0.271
1544  -0.292  -0.275
1545  -0.253  -0.278
1546  -0.186  -0.281
1547  -0.339  -0.283
1548  -0.330  -0.283
1549  -0.344  -0.281
1550  -0.285  -0.276
1551  -0.267  -0.269
1552  -0.282  -0.261
1553  -0.299  -0.252
1554  -0.172  -0.244
1555  -0.175  -0.238
1556  -0.150  -0.233
1557  -0.238  -0.229
1558  -0.319  -0.225
1559  -0.225  -0.220
1560  -0.256  -0.213
1561  -0.288  -0.204
1562  -0.211  -0.194
1563  -0.116  -0.184
1564  -0.081  -0.176
1565  -0.137  -0.172
1566  -0.098  -0.171
1567  -0.229  -0.175
1568  -0.149  -0.181
1569  -0.187  -0.191
1570  -0.187  -0.202
1571  -0.201  -0.214
1572  -0.279  -0.227
1573  -0.293  -0.241
1574  -0.140  -0.255
1575  -0.246  -0.269
1576  -0.234  -0.282
1577  -0.344  -0.293
1578  -0.414  -0.301
1579  -0.415  -0.305
1580  -0.353  -0.305
1581  -0.296  -0.303
1582  -0.212  -0.301
1583  -0.248  -0.300
1584  -0.231  -0.303
1585  -0.246  -0.309
1586  -0.319  -0.317
1587  -0.402  -0.326
1588  -0.347  -0.334
1589  -0.359  -0.340
1590  -0.417  -0.342
1591  -0.418  -0.340
1592  -0.323  -0.335
1593  -0.280  -0.329
1594  -0.298  -0.322
1595  -0.344  -0.316
1596  -0.287  -0.312
1597  -0.267  -0.311
1598  -0.275  -0.313
1599  -0.275  -0.317
1600  -0.249  -0.323
1601  -0.486  -0.329
1602  -0.314  -0.333
1603  -0.370  -0.336
1604  -0.388  -0.336
1605  -0.288  -0.334
1606  -0.383  -0.330
1607  -0.319  -0.324
1608  -0.343  -0.317
1609  -0.272  -0.311
1610  -0.222  -0.304
1611  -0.352  -0.298
1612  -0.312  -0.291
1613  -0.244  -0.283
1614  -0.346  -0.274
1615  -0.328  -0.264
1616  -0.263  -0.254
1617  -0.183  -0.247
1618  -0.200  -0.243
1619  -0.155  -0.244
1620  -0.153  -0.250
1621  -0.195  -0.261
1622  -0.285  -0.276
1623  -0.369  -0.291
1624  -0.309  -0.305
1625  -0.368  -0.315
1626  -0.464  -0.319
1627  -0.372  -0.317
1628  -0.286  -0.309
1629  -0.299  -0.297
1630  -0.238  -0.281
1631  -0.381  -0.263
1632  -0.193  -0.245
1633  -0.276  -0.229
1634  -0.144  -0.218
1635  -0.117  -0.213
1636  -0.034  -0.215
1637  -0.209  -0.223
1638  -0.269  -0.238
1639  -0.258  -0.256
1640  -0.142  -0.276
1641  -0.401  -0.294
1642  -0.502  -0.308
1643  -0.312  -0.317
1644  -0.375  -0.320
1645  -0.327  -0.317
1646  -0.320  -0.309
1647  -0.326  -0.297
1648  -0.269  -0.283
1649  -0.284  -0.268
1650  -0.227  -0.252
1651  -0.238  -0.238
1652  -0.181  -0.225
1653  -0.202  -0.214
1654  -0.250  -0.206
1655  -0.160  -0.201
1656  -0.137  -0.200
1657  -0.144  -0.203
1658  -0.177  -0.210
1659  -0.220  -0.222
1660  -0.241  -0.238
1661  -0.215  -0.256
1662  -0.220  -0.276
1663  -0.316  -0.295
1664  -0.417  -0.314
1665  -0.378  -0.331
1666  -0.252  -0.345
1667  -0.449  -0.357
1668  -0.383  -0.367
1669  -0.425  -0.376
1670  -0.328  -0.383
1671  -0.287  -0.390
1672  -0.414  -0.396
1673  -0.503  -0.400
1674  -0.425  -0.403
1675  -0.413  -0.403
1676  -0.465  -0.401
1677  -0.315  -0.397
1678  -0.419  -0.391
1679  -0.418  -0.383
1680  -0.459  -0.376
1681  -0.245  -0.368
1682  -0.296  -0.360
1683  -0.384  -0.352
1684  -0.375  -0.342
1685  -0.398  -0.332
1686  -0.367  -0.319
1687  -0.284  -0.305
1688  -0.364  -0.292
1689  -0.192  -0.281
1690  -0.177  -0.275
1691  -0.192  -0.275
1692  -0.280  -0.281
1693  -0.215  -0.295
1694  -0.183  -0.313
1695  -0.345  -0.335
1696  -0.492  -0.357
1697  -0.379  -0.376
1698  -0.467  -0.391
1699  -0.482  -0.399
1700  -0.513  -0.401
1701  -0.435  -0.398
1702  -0.292  -0.391
1703  -0.309  -0.382
1704  -0.356  -0.372
1705  -0.482  -0.363
1706  -0.389  -0.354
1707  -0.266  -0.347
1708  -0.292  -0.342
1709  -0.316  -0.339
1710  -0.296  -0.337
1711  -0.357  -0.336
1712  -0.375  -0.336
1713  -0.331  -0.334
1714  -0.384  -0.330
1715  -0.307  -0.322
1716  -0.377  -0.312
1717  -0.361  -0.298
1718  -0.265  -0.281
1719  -0.281  -0.264
1720  -0.204  -0.248
1721  -0.216  -0.234
1722  -0.197  -0.223
1723  -0.063  -0.217
1724  -0.148  -0.214
1725  -0.393  -0.216
1726  -0.183  -0.221
1727  -0.134  -0.228
1728  -0.310  -0.237
1729  -0.170  -0.246
1730  -0.222  -0.256
1731  -0.285  -0.264
1732  -0.372  -0.270
1733  -0.296  -0.273
1734  -0.377  -0.273
1735  -0.241  -0.271
1736  -0.233  -0.268
1737  -0.237  -0.265
1738  -0.261  -0.265
1739  -0.213  -0.267
1740  -0.202  -0.272
1741  -0.201  -0.280
1742  -0.345  -0.287
1743  -0.371  -0.292
1744  -0.395  -0.294
1745  -0.319  -0.292
1746  -0.375  -0.286
1747  -0.301  -0.277
1748  -0.177  -0.267
1749  -0.126  -0.258
1750  -0.241  -0.251
1751  -0.258  -0.245
1752  -0.265  -0.242
1753  -0.269  -0.239
1754  -0.236  -0.235
1755  -0.276  -0.231
1756  -0.153  -0.227
1757  -0.291  -0.222
1758  -0.259  -0.218
1759  -0.141  -0.214
1760  -0.083  -0.213
1761  -0.264  -0.212
1762  -0.157  -0.211
1763  -0.286  -0.209
1764  -0.351  -0.206
1765  -0.197  -0.200
1766  -0.168  -0.191
1767  -0.098  -0.180
1768  -0.183  -0.167
1769  -0.339  -0.154
1770  -0.029  -0.143
1771  -0.108  -0.135
1772   0.002  -0.131
1773  -0.161  -0.133
1774  -0.076  -0.140
1775  -0.068  -0.153
1776  -0.131  -0.169
1777  -0.232  -0.189
1778  -0.206  -0.209
1779  -0.303  -0.229
1780  -0.326  -0.247
1781  -0.179  -0.263
1782  -0.371  -0.276
1783  -0.211  -0.287
1784  -0.248  -0.295
1785  -0.387  -0.299
1786  -0.387  -0.299
1787  -0.382  -0.295
1788  -0.240  -0.286
1789  -0.286  -0.274
1790  -0.385  -0.260
1791  -0.182  -0.247
1792  -0.138  -0.235
1793  -0.198  -0.227
1794  -0.093  -0.223
1795  -0.237  -0.223
1796  -0.218  -0.226
1797  -0.312  -0.232
1798  -0.216  -0.237
1799  -0.300  -0.242
1800  -0.196  -0.247
1801  -0.218  -0.249
1802  -0.288  -0.251
1803  -0.375  -0.251
1804  -0.152  -0.251
1805  -0.302  -0.251
1806  -0.170  -0.253
1807  -0.262  -0.258
1808  -0.199  -0.266
1809  -0.282  -0.277
1810  -0.250  -0.292
1811  -0.247  -0.309
1812  -0.359  -0.329
1813  -0.377  -0.348
1814  -0.394  -0.366
1815  -0.382  -0.382
1816  -0.444  -0.394
1817  -0.460  -0.401
1818  -0.379  -0.404
1819  -0.438  -0.402
1820  -0.562  -0.394
1821  -0.331  -0.383
1822  -0.337  -0.368
1823  -0.367  -0.350
1824  -0.389  -0.332
1825  -0.325  -0.315
1826  -0.175  -0.300
1827  -0.269  -0.288
1828  -0.229  -0.279
1829  -0.284  -0.275
1830  -0.260  -0.274
1831  -0.239  -0.278
1832  -0.357  -0.287
1833  -0.239  -0.300
1834  -0.056  -0.316
1835  -0.427  -0.335
1836  -0.334  -0.354
1837  -0.490  -0.372
1838  -0.545  -0.385
1839  -0.336  -0.394
1840  -0.495  -0.398
1841  -0.318  -0.397
1842  -0.484  -0.393
1843  -0.365  -0.387
1844  -0.365  -0.379
1845  -0.432  -0.372
1846  -0.208  -0.366
1847  -0.396  -0.361
1848  -0.324  -0.357
1849  -0.417  -0.353
1850  -0.366  -0.348
1851  -0.407  -0.343
1852  -0.256  -0.336
1853  -0.347  -0.330
1854  -0.375  -0.324
1855  -0.290  -0.319
1856  -0.217  -0.316
1857  -0.280  -0.315
1858  -0.377  -0.316
1859  -0.245  -0.318
1860  -0.406  -0.321
1861  -0.315  -0.325
1862  -0.311  -0.328
1863  -0.257  -0.332
1864  -0.509  -0.336
1865  -0.260  -0.340
1866  -0.317  -0.345
1867  -0.323  -0.350
1868  -0.287  -0.356
1869  -0.353  -0.360
1870  -0.510  -0.363
1871  -0.448  -0.361
1872  -0.356  -0.357
1873  -0.329  -0.349
1874  -0.377  -0.339
1875  -0.356  -0.330
1876  -0.309  -0.321
1877  -0.134  -0.316
1878  -0.207  -0.313
1879  -0.416  -0.314
1880  -0.357  -0.316
1881  -0.318  -0.320
1882  -0.324  -0.323
1883  -0.369  -0.325
1884  -0.333  -0.327
1885  -0.310  -0.329
1886  -0.228  -0.330
1887  -0.447  -0.333
1888  -0.289  -0.335
1889  -0.254  -0.338
1890  -0.431  -0.339
1891  -0.295  -0.339
1892  -0.439  -0.336
1893  -0.444  -0.332
1894  -0.317  -0.326
1895  -0.278  -0.321
1896  -0.200  -0.318
1897  -0.174  -0.318
1898  -0.340  -0.323
1899  -0.469  -0.330
1900  -0.245  -0.340
1901  -0.278  -0.352
1902  -0.486  -0.363
1903  -0.355  -0.373
1904  -0.505  -0.383
1905  -0.319  -0.391
1906  -0.250  -0.397
1907  -0.467  -0.401
1908  -0.482  -0.402
1909  -0.531  -0.399
1910  -0.397  -0.393
1911  -0.332  -0.383
1912  -0.446  -0.372
1913  -0.349  -0.359
1914  -0.295  -0.347
1915  -0.227  -0.335
1916  -0.316  -0.325
1917  -0.439  -0.315
1918  -0.333  -0.304
1919  -0.203  -0.293
1920  -0.307  -0.280
1921  -0.276  -0.265
1922  -0.400  -0.247
1923  -0.163  -0.228
1924  -0.188  -0.208
1925  -0.284  -0.188
1926  -0.001  -0.169
1927  -0.152  -0.152
1928  -0.052  -0.138
1929  -0.290  -0.125
1930   0.033  -0.112
1931  -0.137  -0.100
1932  -0.096  -0.085
1933  -0.234  -0.070
1934  -0.046  -0.053
1935   0.013  -0.036
1936  -0.013  -0.020
1937   0.120  -0.006
1938   0.068   0.005
1939   0.047   0.013
1940  -0.117   0.019
1941   0.042   0.024
1942  -0.016   0.027
1943   0.042   0.028
1944   0.158   0.027
1945   0.016   0.022
1946   0.016   0.015
1947   0.105   0.004
1948   0.045  -0.009
1949  -0.124  -0.021
1950  -0.063  -0.033
1951  -0.140  -0.040
1952  -0.029  -0.044
1953  -0.092  -0.043
1954  -0.045  -0.036
1955  -0.006  -0.026
1956  -0.186  -0.014
1957   0.009  -0.001
1958   0.144   0.011
1959   0.069   0.020
1960   0.140   0.025
1961   0.045   0.026
1962  -0.038   0.025
1963   0.018   0.021
1964  -0.012   0.017
1965  -0.080   0.012
1966   0.121   0.006
1967  -0.018  -0.002
1968   0.053  -0.011
1969   0.069  -0.023
1970   0.013  -0.034
1971  -0.228  -0.045
1972  -0.081  -0.052
1973  -0.014  -0.056
1974  -0.221  -0.054
1975  -0.078  -0.047
1976  -0.074  -0.037
1977   0.049  -0.026
1978  -0.022  -0.014
1979   0.137  -0.005
1980   0.001   0.002
