 200  -0.235  -0.220
 201  -0.217  -0.216
 202  -0.200  -0.212
 203  -0.189  -0.210
 204  -0.186  -0.208
 205  -0.190  -0.208
 206  -0.200  -0.209
 207  -0.213  -0.210
 208  -0.225  -0.211
 209  -0.231  -0.211
 210  -0.232  -0.210
 211  -0.226  -0.208
 212  -0.214  -0.204
 213  -0.201  -0.200
 214  -0.187  -0.195
 215  -0.175  -0.192
 216  -0.168  -0.190
 217  -0.166  -0.189
 218  -0.170  -0.191
 219  -0.180  -0.195
 220  -0.193  -0.200
 221  -0.208  -0.206
 222  -0.223  -0.213
 223  -0.234  -0.218
 224  -0.240  -0.224
 225  -0.240  -0.228
 226  -0.236  -0.233
 227  -0.228  -0.238
 228  -0.223  -0.244
 229  -0.224  -0.251
 230  -0.234  -0.260
 231  -0.253  -0.270
 232  -0.279  -0.280
 233  -0.307  -0.289
 234  -0.331  -0.296
 235  -0.345  -0.300
 236  -0.347  -0.300
 237  -0.335  -0.296
 238  -0.312  -0.289
 239  -0.284  -0.279
 240  -0.257  -0.267
 241  -0.235  -0.256
 242  -0.221  -0.245
 243  -0.216  -0.235
 244  -0.216  -0.227
 245  -0.218  -0.219
 246  -0.218  -0.213
 247  -0.214  -0.208
 248  -0.206  -0.203
 249  -0.195  -0.200
 250  -0.184  -0.197
 251  -0.177  -0.196
 252  -0.174  -0.197
 253  -0.179  -0.200
 254  -0.189  -0.205
 255  -0.202  -0.211
 256  -0.218  -0.218
 257  -0.233  -0.224
 258  -0.246  -0.230
 259  -0.255  -0.235
 260  -0.259  -0.238
 261  -0.259  -0.238
 262  -0.254  -0.237
 263  -0.244  -0.235
 264  -0.232  -0.231
 265  -0.218  -0.228
 266  -0.207  -0.226
 267  -0.200  -0.226
 268  -0.200  -0.227
 269  -0.208  -0.231
 270  -0.222  -0.236
 271  -0.241  -0.242
 272  -0.261  -0.248
 273  -0.277  -0.253
 274  -0.287  -0.256
 275  -0.289  -0.255
 276  -0.282  -0.251
 277  -0.268  -0.245
 278  -0.249  -0.235
 279  -0.229  -0.224
 280  -0.208  -0.212
 281  -0.189  -0.201
 282  -0.172  -0.190
 283  -0.158  -0.183
 284  -0.148  -0.179
 285  -0.143  -0.178
 286  -0.146  -0.182
 287  -0.156  -0.190
 288  -0.175  -0.200
 289  -0.201  -0.214
 290  -0.231  -0.228
 291  -0.261  -0.241
 292  -0.286  -0.253
 293  -0.302  -0.263
 294  -0.308  -0.269
 295  -0.302  -0.272
 296  -0.288  -0.272
 297  -0.270  -0.271
 298  -0.253  -0.269
 299  -0.241  -0.268
 300  -0.238  -0.269
 301  -0.244  -0.272
 302  -0.259  -0.277
 303  -0.279  -0.282
 304  -0.300  -0.287
 305  -0.318  -0.291
 306  -0.329  -0.293
 307  -0.331  -0.292
 308  -0.322  -0.287
 309  -0.303  -0.280
 310  -0.279  -0.271
 311  -0.252  -0.261
 312  -0.227  -0.252
 313  -0.209  -0.245
 314  -0.200  -0.241
 315  -0.201  -0.241
 316  -0.213  -0.245
 317  -0.232  -0.252
 318  -0.257  -0.260
 319  -0.281  -0.269
 320  -0.303  -0.278
 321  -0.317  -0.284
 322  -0.323  -0.287
 323  -0.320  -0.287
 324  -0.310  -0.284
 325  -0.293  -0.278
 326  -0.274  -0.270
 327  -0.254  -0.261
 328  -0.237  -0.254
 329  -0.223  -0.247
 330  -0.215  -0.244
 331  -0.213  -0.243
 332  -0.218  -0.245
 333  -0.229  -0.250
 334  -0.245  -0.257
 335  -0.263  -0.266
 336  -0.282  -0.275
 337  -0.299  -0.284
 338  -0.312  -0.292
 339  -0.319  -0.298
 340  -0.321  -0.301
 341  -0.318  -0.303
 342  -0.312  -0.303
 343  -0.305  -0.302
 344  -0.299  -0.299
 345  -0.295  -0.295
 346  -0.292  -0.291
 347  -0.290  -0.286
 348  -0.287  -0.280
 349  -0.281  -0.275
 350  -0.272  -0.269
 351  -0.262  -0.263
 352  -0.250  -0.258
 353  -0.240  -0.253
 354  -0.234  -0.250
 355  -0.233  -0.247
 356  -0.237  -0.246
 357  -0.243  -0.246
 358  -0.250  -0.246
 359  -0.254  -0.246
 360  -0.254  -0.247
 361  -0.251  -0.248
 362  -0.245  -0.250
 363  -0.239  -0.252
 364  -0.238  -0.255
 365  -0.242  -0.260
 366  -0.252  -0.265
 367  -0.268  -0.271
 368  -0.285  -0.277
 369  -0.300  -0.282
 370  -0.309  -0.285
 371  -0.311  -0.287
 372  -0.306  -0.287
 373  -0.295  -0.286
 374  -0.283  -0.283
 375  -0.271  -0.281
 376  -0.263  -0.279
 377  -0.260  -0.277
 378  -0.263  -0.277
 379  -0.269  -0.278
 380  -0.277  -0.280
 381  -0.286  -0.282
 382  -0.292  -0.284
 383  -0.297  -0.285
 384  -0.298  -0.285
 385  -0.296  -0.284
 386  -0.292  -0.281
 387  -0.285  -0.278
 388  -0.278  -0.273
 389  -0.269  -0.268
 390  -0.260  -0.264
 391  -0.251  -0.259
 392  -0.244  -0.256
 393  -0.239  -0.254
 394  -0.237  -0.254
 395  -0.239  -0.255
 396  -0.246  -0.259
 397  -0.255  -0.263
 398  -0.267  -0.268
 399  -0.279  -0.273
 400  -0.289  -0.277
 401  -0.297  -0.281
 402  -0.300  -0.283
 403  -0.298  -0.284
 404  -0.292  -0.283
 405  -0.285  -0.282
 406  -0.276  -0.281
 407  -0.270  -0.279
 408  -0.266  -0.278
 409  -0.266  -0.279
 410  -0.270  -0.280
 411  -0.275  -0.282
 412  -0.282  -0.285
 413  -0.289  -0.289
 414  -0.295  -0.293
 415  -0.301  -0.297
 416  -0.306  -0.300
 417  -0.310  -0.303
 418  -0.313  -0.304
 419  -0.316  -0.304
 420  -0.316  -0.303
 421  -0.314  -0.299
 422  -0.308  -0.295
 423  -0.299  -0.288
 424  -0.288  -0.281
 425  -0.274  -0.273
 426  -0.261  -0.264
 427  -0.248  -0.257
 428  -0.237  -0.250
 429  -0.229  -0.246
 430  -0.223  -0.243
 431  -0.222  -0.243
 432  -0.224  -0.246
 433  -0.231  -0.251
 434  -0.242  -0.259
 435  -0.256  -0.268
 436  -0.274  -0.279
 437  -0.294  -0.290
 438  -0.312  -0.301
 439  -0.328  -0.310
 440  -0.339  -0.318
 441  -0.346  -0.324
 442  -0.347  -0.327
 443  -0.343  -0.328
 444  -0.338  -0.326
 445  -0.331  -0.323
 446  -0.324  -0.318
 447  -0.317  -0.311
 448  -0.310  -0.303
 449  -0.302  -0.294
 450  -0.291  -0.284
 451  -0.278  -0.274
 452  -0.262  -0.264
 453  -0.245  -0.255
 454  -0.229  -0.248
 455  -0.217  -0.244
 456  -0.211  -0.242
 457  -0.213  -0.244
 458  -0.223  -0.248
 459  -0.240  -0.255
 460  -0.260  -0.264
 461  -0.280  -0.273
 462  -0.297  -0.283
 463  -0.309  -0.292
 464  -0.315  -0.299
 465  -0.316  -0.306
 466  -0.315  -0.312
 467  -0.315  -0.316
 468  -0.317  -0.320
 469  -0.323  -0.323
 470  -0.330  -0.324
 471  -0.338  -0.324
 472  -0.342  -0.322
 473  -0.342  -0.318
 474  -0.335  -0.313
 475  -0.321  -0.305
 476  -0.303  -0.296
 477  -0.283  -0.287
 478  -0.264  -0.278
 479  -0.248  -0.270
 480  -0.239  -0.265
 481  -0.236  -0.261
 482  -0.239  -0.260
 483  -0.248  -0.262
 484  -0.259  -0.264
 485  -0.271  -0.268
 486  -0.281  -0.272
 487  -0.289  -0.275
 488  -0.293  -0.277
 489  -0.292  -0.277
 490  -0.289  -0.277
 491  -0.282  -0.274
 492  -0.275  -0.270
 493  -0.268  -0.266
 494  -0.261  -0.261
 495  -0.254  -0.255
 496  -0.248  -0.250
 497  -0.242  -0.244
 498  -0.236  -0.239
 499  -0.230  -0.235
 500  -0.224  -0.232
 501  -0.221  -0.229
 502  -0.220  -0.228
 503  -0.220  -0.227
 504  -0.223  -0.227
 505  -0.225  -0.228
 506  -0.228  -0.229
 507  -0.229  -0.232
 508  -0.230  -0.235
 509  -0.231  -0.239
 510  -0.234  -0.244
 511  -0.240  -0.249
 512  -0.249  -0.254
 513  -0.262  -0.260
 514  -0.275  -0.264
 515  -0.286  -0.268
 516  -0.292  -0.269
 517  -0.293  -0.268
 518  -0.286  -0.266
 519  -0.274  -0.261
 520  -0.259  -0.255
 521  -0.243  -0.249
 522  -0.229  -0.243
 523  -0.220  -0.239
 524  -0.215  -0.236
 525  -0.214  -0.236
 526  -0.218  -0.238
 527  -0.225  -0.243
 528  -0.235  -0.251
 529  -0.247  -0.260
 530  -0.263  -0.271
 531  -0.281  -0.283
 532  -0.299  -0.296
 533  -0.317  -0.308
 534  -0.332  -0.320
 535  -0.343  -0.331
 536  -0.350  -0.341
 537  -0.355  -0.350
 538  -0.358  -0.359
 539  -0.363  -0.366
 540  -0.371  -0.373
 541  -0.382  -0.379
 542  -0.394  -0.384
 543  -0.404  -0.386
 544  -0.411  -0.387
 545  -0.411  -0.386
 546  -0.405  -0.382
 547  -0.392  -0.375
 548  -0.376  -0.367
 549  -0.358  -0.358
 550  -0.342  -0.348
 551  -0.329  -0.337
 552  -0.318  -0.328
 553  -0.310  -0.319
 554  -0.303  -0.311
 555  -0.297  -0.305
 556  -0.292  -0.300
 557  -0.287  -0.297
 558  -0.284  -0.295
 559  -0.283  -0.295
 560  -0.285  -0.297
 561  -0.289  -0.299
 562  -0.296  -0.303
 563  -0.304  -0.307
 564  -0.314  -0.311
 565  -0.324  -0.315
 566  -0.332  -0.318
 567  -0.337  -0.319
 568  -0.338  -0.318
 569  -0.334  -0.315
 570  -0.324  -0.311
 571  -0.310  -0.306
 572  -0.294  -0.301
 573  -0.280  -0.296
 574  -0.272  -0.292
 575  -0.271  -0.289
 576  -0.276  -0.286
 577  -0.287  -0.283
 578  -0.298  -0.279
 579  -0.303  -0.273
 580  -0.300  -0.265
 581  -0.286  -0.255
 582  -0.261  -0.243
 583  -0.230  -0.230
 584  -0.199  -0.218
 585  -0.173  -0.207
 586  -0.158  -0.198
 587  -0.155  -0.192
 588  -0.162  -0.190
 589  -0.177  -0.190
 590  -0.193  -0.191
 591  -0.207  -0.194
 592  -0.214  -0.196
 593  -0.215  -0.199
 594  -0.210  -0.200
 595  -0.203  -0.200
 596  -0.196  -0.200
 597  -0.192  -0.200
 598  -0.192  -0.200
 599  -0.195  -0.201
 600  -0.199  -0.201
 601  -0.204  -0.203
 602  -0.206  -0.204
 603  -0.206  -0.207
 604  -0.205  -0.210
 605  -0.204  -0.214
 606  -0.206  -0.218
 607  -0.212  -0.224
 608  -0.222  -0.230
 609  -0.235  -0.237
 610  -0.250  -0.243
 611  -0.263  -0.247
 612  -0.273  -0.251
 613  -0.277  -0.252
 614  -0.274  -0.251
 615  -0.265  -0.249
 616  -0.251  -0.245
 617  -0.236  -0.241
 618  -0.221  -0.237
 619  -0.211  -0.234
 620  -0.206  -0.234
 621  -0.210  -0.235
 622  -0.220  -0.239
 623  -0.236  -0.244
 624  -0.254  -0.250
 625  -0.270  -0.256
 626  -0.281  -0.262
 627  -0.286  -0.266
 628  -0.285  -0.269
 629  -0.280  -0.270
 630  -0.272  -0.271
 631  -0.265  -0.271
 632  -0.261  -0.271
 633  -0.261  -0.271
 634  -0.265  -0.272
 635  -0.270  -0.274
 636  -0.275  -0.276
 637  -0.279  -0.279
 638  -0.281  -0.283
 639  -0.282  -0.287
 640  -0.284  -0.293
 641  -0.288  -0.299
 642  -0.296  -0.306
 643  -0.308  -0.312
 644  -0.322  -0.319
 645  -0.337  -0.325
 646  -0.349  -0.329
 647  -0.357  -0.331
 648  -0.358  -0.330
 649  -0.352  -0.327
 650  -0.340  -0.320
 651  -0.323  -0.312
 652  -0.305  -0.303
 653  -0.286  -0.293
 654  -0.270  -0.284
 655  -0.257  -0.276
 656  -0.250  -0.269
 657  -0.247  -0.264
 658  -0.248  -0.260
 659  -0.252  -0.258
 660  -0.258  -0.256
 661  -0.264  -0.253
 662  -0.267  -0.250
 663  -0.266  -0.245
 664  -0.260  -0.238
 665  -0.247  -0.230
 666  -0.230  -0.221
 667  -0.209  -0.212
 668  -0.188  -0.204
 669  -0.170  -0.198
 670  -0.158  -0.194
 671  -0.156  -0.194
 672  -0.163  -0.198
 673  -0.180  -0.205
 674  -0.203  -0.214
 675  -0.228  -0.224
 676  -0.251  -0.235
 677  -0.268  -0.245
 678  -0.279  -0.254
 679  -0.282  -0.260
 680  -0.281  -0.264
 681  -0.276  -0.265
 682  -0.272  -0.264
 683  -0.267  -0.262
 684  -0.264  -0.259
 685  -0.260  -0.254
 686  -0.254  -0.249
 687  -0.245  -0.245
 688  -0.233  -0.241
 689  -0.222  -0.239
 690  -0.213  -0.240
 691  -0.211  -0.243
 692  -0.217  -0.248
 693  -0.233  -0.256
 694  -0.257  -0.265
 695  -0.283  -0.275
 696  -0.308  -0.284
 697  -0.325  -0.291
 698  -0.333  -0.296
 699  -0.329  -0.298
 700  -0.317  -0.297
 701  -0.299  -0.294
 702  -0.282  -0.290
 703  -0.269  -0.285
 704  -0.263  -0.281
 705  -0.264  -0.277
 706  -0.269  -0.275
 707  -0.275  -0.272
 708  -0.278  -0.271
 709  -0.278  -0.270
 710  -0.272  -0.269
 711  -0.264  -0.268
 712  -0.257  -0.268
 713  -0.253  -0.268
 714  -0.255  -0.270
 715  -0.263  -0.271
 716  -0.275  -0.273
 717  -0.288  -0.274
 718  -0.296  -0.273
 719  -0.298  -0.271
 720  -0.291  -0.266
 721  -0.277  -0.260
 722  -0.258  -0.253
 723  -0.238  -0.244
 724  -0.221  -0.236
 725  -0.210  -0.228
 726  -0.205  -0.222
 727  -0.205  -0.216
 728  -0.207  -0.213
 729  -0.209  -0.210
 730  -0.209  -0.209
 731  -0.206  -0.209
 732  -0.201  -0.211
 733  -0.197  -0.214
 734  -0.197  -0.220
 735  -0.203  -0.227
 736  -0.216  -0.237
 737  -0.236  -0.247
 738  -0.259  -0.259
 739  -0.283  -0.270
 740  -0.303  -0.281
 741  -0.317  -0.289
 742  -0.323  -0.295
 743  -0.321  -0.298
 744  -0.314  -0.299
 745  -0.305  -0.298
 746  -0.296  -0.295
 747  -0.290  -0.290
 748  -0.287  -0.285
 749  -0.284  -0.278
 750  -0.280  -0.271
 751  -0.273  -0.263
 752  -0.262  -0.255
 753  -0.246  -0.247
 754  -0.230  -0.240
 755  -0.216  -0.234
 756  -0.206  -0.229
 757  -0.204  -0.226
 758  -0.209  -0.225
 759  -0.218  -0.225
 760  -0.230  -0.226
 761  -0.239  -0.227
 762  -0.243  -0.228
 763  -0.241  -0.228
 764  -0.234  -0.229
 765  -0.224  -0.229
 766  -0.216  -0.230
 767  -0.213  -0.232
 768  -0.216  -0.235
 769  -0.224  -0.240
 770  -0.238  -0.245
 771  -0.253  -0.251
 772  -0.267  -0.256
 773  -0.278  -0.261
 774  -0.285  -0.264
 775  -0.286  -0.265
 776  -0.283  -0.263
 777  -0.277  -0.258
 778  -0.267  -0.252
 779  -0.255  -0.243
 780  -0.241  -0.232
 781  -0.224  -0.221
 782  -0.207  -0.210
 783  -0.189  -0.199
 784  -0.174  -0.189
 785  -0.161  -0.182
 786  -0.153  -0.177
 787  -0.149  -0.175
 788  -0.150  -0.177
 789  -0.156  -0.182
 790  -0.166  -0.191
 791  -0.182  -0.203
 792  -0.202  -0.216
 793  -0.227  -0.231
 794  -0.254  -0.246
 795  -0.281  -0.259
 796  -0.304  -0.270
 797  -0.318  -0.278
 798  -0.322  -0.282
 799  -0.315  -0.282
 800  -0.299  -0.279
 801  -0.278  -0.274
 802  -0.257  -0.268
 803  -0.242  -0.261
 804  -0.234  -0.255
 805  -0.233  -0.251
 806  -0.238  -0.247
 807  -0.245  -0.245
 808  -0.249  -0.243
 809  -0.249  -0.242
 810  -0.245  -0.241
 811  -0.239  -0.239
 812  -0.234  -0.238
 813  -0.233  -0.235
 814  -0.235  -0.232
 815  -0.239  -0.228
 816  -0.241  -0.222
 817  -0.237  -0.215
 818  -0.226  -0.207
 819  -0.206  -0.199
 820  -0.183  -0.190
 821  -0.160  -0.182
 822  -0.145  -0.176
 823  -0.139  -0.172
 824  -0.145  -0.170
 825  -0.159  -0.170
 826  -0.176  -0.170
 827  -0.190  -0.171
 828  -0.197  -0.171
 829  -0.193  -0.170
 830  -0.181  -0.168
 831  -0.164  -0.165
 832  -0.148  -0.162
 833  -0.139  -0.159
 834  -0.138  -0.157
 835  -0.145  -0.155
 836  -0.155  -0.154
 837  -0.166  -0.152
 838  -0.171  -0.150
 839  -0.168  -0.147
 840  -0.157  -0.142
 841  -0.141  -0.137
 842  -0.124  -0.132
 843  -0.111  -0.127
 844  -0.103  -0.122
 845  -0.102  -0.119
 846  -0.107  -0.117
 847  -0.114  -0.116
 848  -0.121  -0.115
 849  -0.125  -0.114
 850  -0.124  -0.113
 851  -0.120  -0.112
 852  -0.113  -0.110
 853  -0.105  -0.109
 854  -0.099  -0.108
 855  -0.095  -0.108
 856  -0.093  -0.109
 857  -0.096  -0.113
 858  -0.101  -0.118
 859  -0.110  -0.125
 860  -0.122  -0.134
 861  -0.137  -0.144
 862  -0.154  -0.154
 863  -0.173  -0.164
 864  -0.190  -0.173
 865  -0.204  -0.179
 866  -0.212  -0.183
 867  -0.212  -0.184
 868  -0.206  -0.183
 869  -0.194  -0.179
 870  -0.178  -0.173
 871  -0.162  -0.166
 872  -0.148  -0.159
 873  -0.138  -0.154
 874  -0.132  -0.149
 875  -0.130  -0.146
 876  -0.131  -0.145
 877  -0.134  -0.147
 878  -0.138  -0.150
 879  -0.144  -0.155
 880  -0.151  -0.161
 881  -0.162  -0.168
 882  -0.175  -0.175
 883  -0.190  -0.181
 884  -0.205  -0.185
 885  -0.217  -0.186
 886  -0.222  -0.183
 887  -0.219  -0.177
 888  -0.204  -0.167
 889  -0.178  -0.154
 890  -0.145  -0.140
 891  -0.108  -0.127
 892  -0.075  -0.116
 893  -0.050  -0.110
 894  -0.040  -0.110
 895  -0.047  -0.117
 896  -0.072  -0.131
 897  -0.111  -0.150
 898  -0.158  -0.174
 899  -0.208  -0.201
 900  -0.254  -0.228
 901  -0.292  -0.254
 902  -0.318  -0.277
 903  -0.334  -0.295
 904  -0.341  -0.310
 905  -0.343  -0.321
 906  -0.343  -0.327
 907  -0.343  -0.330
 908  -0.343  -0.331
 909  -0.343  -0.328
 910  -0.339  -0.324
 911  -0.332  -0.318
 912  -0.319  -0.311
 913  -0.303  -0.304
 914  -0.285  -0.297
 915  -0.271  -0.292
 916  -0.263  -0.288
 917  -0.262  -0.286
 918  -0.269  -0.285
 919  -0.282  -0.286
 920  -0.295  -0.287
 921  -0.305  -0.288
 922  -0.309  -0.288
 923  -0.306  -0.286
 924  -0.297  -0.283
 925  -0.285  -0.278
 926  -0.272  -0.272
 927  -0.262  -0.265
 928  -0.256  -0.256
 929  -0.252  -0.247
 930  -0.247  -0.237
 931  -0.240  -0.226
 932  -0.228  -0.214
 933  -0.210  -0.202
 934  -0.188  -0.191
 935  -0.164  -0.181
 936  -0.144  -0.173
 937  -0.131  -0.168
 938  -0.128  -0.166
 939  -0.134  -0.169
 940  -0.150  -0.174
 941  -0.171  -0.182
 942  -0.194  -0.191
 943  -0.215  -0.201
 944  -0.232  -0.210
 945  -0.242  -0.217
 946  -0.246  -0.222
 947  -0.244  -0.225
 948  -0.238  -0.226
 949  -0.230  -0.225
 950  -0.221  -0.223
 951  -0.213  -0.221
 952  -0.209  -0.219
 953  -0.208  -0.217
 954  -0.210  -0.215
 955  -0.215  -0.213
 956  -0.221  -0.210
 957  -0.225  -0.205
 958  -0.224  -0.199
 959  -0.217  -0.191
 960  -0.202  -0.180
 961  -0.180  -0.168
 962  -0.154  -0.156
 963  -0.127  -0.145
 964  -0.104  -0.136
 965  -0.090  -0.130
 966  -0.086  -0.127
 967  -0.093  -0.127
 968  -0.109  -0.131
 969  -0.131  -0.138
 970  -0.153  -0.145
 971  -0.171  -0.153
 972  -0.183  -0.160
 973  -0.187  -0.165
 974  -0.184  -0.170
 975  -0.177  -0.173
 976  -0.171  -0.174
 977  -0.169  -0.175
 978  -0.170  -0.175
 979  -0.176  -0.174
 980  -0.183  -0.172
 981  -0.187  -0.169
 982  -0.186  -0.165
 983  -0.178  -0.160
 984  -0.162  -0.154
 985  -0.143  -0.148
 986  -0.123  -0.144
 987  -0.109  -0.141
 988  -0.103  -0.142
 989  -0.108  -0.146
 990  -0.124  -0.153
 991  -0.146  -0.163
 992  -0.172  -0.176
 993  -0.197  -0.190
 994  -0.217  -0.204
 995  -0.233  -0.217
 996  -0.243  -0.229
 997  -0.251  -0.240
 998  -0.258  -0.249
 999  -0.265  -0.256
1000  -0.272  -0.261
1001  -0.279  -0.264
1002  -0.282  -0.265
1003  -0.281  -0.265
1004  -0.275  -0.263
1005  -0.265  -0.259
1006  -0.253  -0.255
1007  -0.243  -0.251
1008  -0.236  -0.247
1009  -0.235  -0.243
1010  -0.237  -0.238
1011  -0.241  -0.233
1012  -0.243  -0.228
1013  -0.240  -0.221
1014  -0.231  -0.213
1015  -0.215  -0.205
1016  -0.195  -0.196
1017  -0.175  -0.187
1018  -0.158  -0.179
1019  -0.149  -0.172
1020  -0.147  -0.167
1021  -0.151  -0.163
1022  -0.158  -0.161
1023  -0.165  -0.159
1024  -0.169  -0.158
1025  -0.167  -0.157
1026  -0.160  -0.156
1027  -0.151  -0.156
1028  -0.143  -0.156
1029  -0.139  -0.157
1030  -0.142  -0.159
1031  -0.151  -0.162
1032  -0.165  -0.166
1033  -0.179  -0.169
1034  -0.190  -0.172
1035  -0.195  -0.174
1036  -0.192  -0.175
1037  -0.183  -0.175
1038  -0.170  -0.175
1039  -0.159  -0.176
1040  -0.153  -0.178
1041  -0.156  -0.181
1042  -0.167  -0.186
1043  -0.185  -0.191
1044  -0.205  -0.197
1045  -0.222  -0.203
1046  -0.233  -0.207
1047  -0.235  -0.210
1048  -0.229  -0.212
1049  -0.218  -0.212
1050  -0.206  -0.210
1051  -0.197  -0.209
1052  -0.195  -0.207
1053  -0.198  -0.204
1054  -0.205  -0.202
1055  -0.212  -0.198
1056  -0.215  -0.194
1057  -0.210  -0.189
1058  -0.197  -0.183
1059  -0.178  -0.178
1060  -0.157  -0.173
1061  -0.139  -0.169
1062  -0.131  -0.169
1063  -0.134  -0.170
1064  -0.148  -0.175
1065  -0.171  -0.181
1066  -0.196  -0.188
1067  -0.218  -0.195
1068  -0.232  -0.201
1069  -0.235  -0.204
1070  -0.230  -0.206
1071  -0.217  -0.205
1072  -0.204  -0.202
1073  -0.192  -0.199
1074  -0.185  -0.194
1075  -0.183  -0.189
1076  -0.184  -0.184
1077  -0.185  -0.179
1078  -0.183  -0.173
1079  -0.177  -0.167
1080  -0.166  -0.160
1081  -0.154  -0.153
1082  -0.141  -0.147
1083  -0.131  -0.140
1084  -0.124  -0.135
1085  -0.121  -0.130
1086  -0.120  -0.126
1087  -0.119  -0.123
1088  -0.117  -0.122
1089  -0.114  -0.122
1090  -0.111  -0.124
1091  -0.109  -0.128
1092  -0.113  -0.134
1093  -0.122  -0.142
1094  -0.139  -0.151
1095  -0.160  -0.159
1096  -0.183  -0.168
1097  -0.203  -0.174
1098  -0.215  -0.178
1099  -0.217  -0.178
1100  -0.207  -0.176
1101  -0.188  -0.172
1102  -0.164  -0.167
1103  -0.142  -0.161
1104  -0.125  -0.157
1105  -0.119  -0.154
1106  -0.123  -0.154
1107  -0.137  -0.156
1108  -0.156  -0.159
1109  -0.175  -0.164
1110  -0.189  -0.168
1111  -0.195  -0.171
1112  -0.192  -0.174
1113  -0.182  -0.177
1114  -0.171  -0.179
1115  -0.161  -0.182
1116  -0.159  -0.186
1117  -0.165  -0.192
1118  -0.181  -0.200
1119  -0.202  -0.208
1120  -0.226  -0.217
1121  -0.246  -0.225
1122  -0.260  -0.232
1123  -0.265  -0.237
1124  -0.262  -0.240
1125  -0.253  -0.242
1126  -0.241  -0.242
1127  -0.231  -0.242
1128  -0.224  -0.242
1129  -0.224  -0.243
1130  -0.229  -0.246
1131  -0.239  -0.249
1132  -0.251  -0.254
1133  -0.263  -0.259
1134  -0.274  -0.264
1135  -0.281  -0.268
1136  -0.285  -0.271
1137  -0.286  -0.273
1138  -0.283  -0.274
1139  -0.279  -0.275
1140  -0.274  -0.275
1141  -0.268  -0.275
1142  -0.264  -0.276
1143  -0.262  -0.277
1144  -0.265  -0.281
1145  -0.271  -0.285
1146  -0.282  -0.290
1147  -0.296  -0.296
1148  -0.310  -0.301
1149  -0.323  -0.304
1150  -0.332  -0.306
1151  -0.334  -0.305
1152  -0.329  -0.301
1153  -0.317  -0.294
1154  -0.299  -0.285
1155  -0.278  -0.274
1156  -0.258  -0.263
1157  -0.239  -0.252
1158  -0.224  -0.241
1159  -0.214  -0.232
1160  -0.209  -0.225
1161  -0.207  -0.219
1162  -0.208  -0.215
1163  -0.209  -0.212
1164  -0.210  -0.210
1165  -0.209  -0.208
1166  -0.208  -0.207
1167  -0.205  -0.206
1168  -0.203  -0.206
1169  -0.202  -0.205
1170  -0.202  -0.205
1171  -0.204  -0.205
1172  -0.207  -0.204
1173  -0.209  -0.203
1174  -0.210  -0.202
1175  -0.208  -0.200
1176  -0.204  -0.197
1177  -0.196  -0.195
1178  -0.188  -0.192
1179  -0.180  -0.190
1180  -0.175  -0.190
1181  -0.174  -0.190
1182  -0.178  -0.192
1183  -0.185  -0.195
1184  -0.196  -0.199
1185  -0.206  -0.204
1186  -0.215  -0.208
1187  -0.221  -0.213
1188  -0.224  -0.218
1189  -0.225  -0.222
1190  -0.225  -0.226
1191  -0.226  -0.229
1192  -0.230  -0.232
1193  -0.235  -0.235
1194  -0.242  -0.238
1195  -0.248  -0.240
1196  -0.250  -0.241
1197  -0.249  -0.242
1198  -0.245  -0.243
1199  -0.239  -0.245
1200  -0.235  -0.246
1201  -0.235  -0.248
1202  -0.240  -0.250
1203  -0.251  -0.253
1204  -0.263  -0.255
1205  -0.273  -0.257
1206  -0.278  -0.258
1207  -0.275  -0.258
1208  -0.265  -0.258
1209  -0.251  -0.258
1210  -0.238  -0.259
1211  -0.232  -0.262
1212  -0.236  -0.266
1213  -0.250  -0.271
1214  -0.273  -0.277
1215  -0.299  -0.283
1216  -0.320  -0.287
1217  -0.332  -0.289
1218  -0.331  -0.287
1219  -0.317  -0.281
1220  -0.293  -0.273
1221  -0.264  -0.263
1222  -0.237  -0.253
1223  -0.215  -0.243
1224  -0.202  -0.235
1225  -0.198  -0.230
1226  -0.201  -0.228
1227  -0.210  -0.228
1228  -0.222  -0.230
1229  -0.236  -0.234
1230  -0.248  -0.238
1231  -0.258  -0.241
1232  -0.264  -0.243
1233  -0.265  -0.244
1234  -0.260  -0.243
1235  -0.250  -0.240
1236  -0.237  -0.237
1237  -0.222  -0.234
1238  -0.211  -0.232
1239  -0.206  -0.232
1240  -0.210  -0.233
1241  -0.221  -0.236
1242  -0.237  -0.239
1243  -0.254  -0.243
1244  -0.267  -0.246
1245  -0.272  -0.249
1246  -0.268  -0.251
1247  -0.258  -0.252
1248  -0.245  -0.253
1249  -0.236  -0.254
1250  -0.233  -0.256
1251  -0.239  -0.258
1252  -0.252  -0.262
1253  -0.269  -0.266
1254  -0.284  -0.270
1255  -0.294  -0.273
1256  -0.296  -0.275
1257  -0.290  -0.276
1258  -0.280  -0.276
1259  -0.269  -0.275
1260  -0.261  -0.275
1261  -0.259  -0.274
1262  -0.263  -0.275
1263  -0.271  -0.276
1264  -0.280  -0.278
1265  -0.286  -0.281
1266  -0.290  -0.283
1267  -0.289  -0.286
1268  -0.287  -0.289
1269  -0.285  -0.293
1270  -0.286  -0.297
1271  -0.291  -0.302
1272  -0.301  -0.307
1273  -0.313  -0.313
1274  -0.324  -0.319
1275  -0.334  -0.324
1276  -0.340  -0.329
1277  -0.342  -0.333
1278  -0.341  -0.337
1279  -0.339  -0.340
1280  -0.339  -0.342
1281  -0.341  -0.344
1282  -0.346  -0.346
1283  -0.352  -0.347
1284  -0.358  -0.348
1285  -0.360  -0.347
1286  -0.358  -0.346
1287  -0.351  -0.344
1288  -0.342  -0.342
1289  -0.332  -0.340
1290  -0.325  -0.339
1291  -0.323  -0.337
1292  -0.326  -0.337
1293  -0.335  -0.336
1294  -0.344  -0.335
1295  -0.352  -0.333
1296  -0.354  -0.330
1297  -0.349  -0.325
1298  -0.336  -0.318
1299  -0.317  -0.310
1300  -0.297  -0.301
1301  -0.278  -0.292
1302  -0.265  -0.284
1303  -0.258  -0.276
1304  -0.258  -0.270
1305  -0.261  -0.264
1306  -0.264  -0.260
1307  -0.264  -0.255
1308  -0.259  -0.251
1309  -0.250  -0.248
1310  -0.239  -0.245
1311  -0.229  -0.242
1312  -0.224  -0.241
1313  -0.224  -0.241
1314  -0.230  -0.241
1315  -0.241  -0.242
1316  -0.252  -0.243
1317  -0.261  -0.243
1318  -0.264  -0.241
1319  -0.260  -0.238
1320  -0.250  -0.233
1321  -0.236  -0.227
1322  -0.220  -0.219
1323  -0.204  -0.212
1324  -0.192  -0.205
1325  -0.182  -0.199
1326  -0.176  -0.196
1327  -0.174  -0.195
1328  -0.174  -0.198
1329  -0.179  -0.203
1330  -0.187  -0.212
1331  -0.201  -0.223
1332  -0.221  -0.236
1333  -0.245  -0.251
1334  -0.271  -0.267
1335  -0.297  -0.282
1336  -0.319  -0.296
1337  -0.335  -0.307
1338  -0.343  -0.317
1339  -0.343  -0.324
1340  -0.339  -0.330
1341  -0.332  -0.335
1342  -0.327  -0.339
1343  -0.326  -0.343
1344  -0.333  -0.347
1345  -0.345  -0.351
1346  -0.361  -0.355
1347  -0.377  -0.357
1348  -0.389  -0.358
1349  -0.392  -0.355
1350  -0.385  -0.350
1351  -0.366  -0.342
1352  -0.341  -0.333
1353  -0.312  -0.323
1354  -0.286  -0.313
1355  -0.269  -0.306
1356  -0.263  -0.301
1357  -0.269  -0.298
1358  -0.284  -0.297
1359  -0.303  -0.297
1360  -0.319  -0.296
1361  -0.328  -0.295
1362  -0.326  -0.291
1363  -0.314  -0.285
1364  -0.293  -0.277
1365  -0.269  -0.268
1366  -0.245  -0.258
1367  -0.225  -0.249
1368  -0.213  -0.243
1369  -0.208  -0.239
1370  -0.210  -0.238
1371  -0.218  -0.240
1372  -0.230  -0.245
1373  -0.244  -0.252
1374  -0.260  -0.259
1375  -0.276  -0.266
1376  -0.290  -0.273
1377  -0.302  -0.276
1378  -0.309  -0.278
1379  -0.308  -0.276
1380  -0.299  -0.270
1381  -0.282  -0.262
1382  -0.260  -0.253
1383  -0.237  -0.242
1384  -0.216  -0.231
1385  -0.199  -0.221
1386  -0.190  -0.213
1387  -0.187  -0.207
1388  -0.188  -0.203
1389  -0.192  -0.202
1390  -0.196  -0.202
1391  -0.198  -0.205
1392  -0.200  -0.208
1393  -0.203  -0.214
1394  -0.209  -0.220
1395  -0.218  -0.227
1396  -0.232  -0.233
1397  -0.249  -0.239
1398  -0.264  -0.243
1399  -0.275  -0.244
1400  -0.279  -0.243
1401  -0.272  -0.238
1402  -0.256  -0.231
1403  -0.233  -0.221
1404  -0.206  -0.211
1405  -0.181  -0.200
1406  -0.161  -0.192
1407  -0.150  -0.186
1408  -0.149  -0.183
1409  -0.156  -0.183
1410  -0.170  -0.186
1411  -0.186  -0.191
1412  -0.202  -0.197
1413  -0.216  -0.204
1414  -0.226  -0.210
1415  -0.231  -0.214
1416  -0.232  -0.218
1417  -0.230  -0.219
1418  -0.227  -0.220
1419  -0.222  -0.219
1420  -0.218  -0.218
1421  -0.214  -0.216
1422  -0.211  -0.214
1423  -0.209  -0.212
1424  -0.207  -0.211
1425  -0.206  -0.210
1426  -0.205  -0.210
1427  -0.204  -0.212
1428  -0.204  -0.215
1429  -0.206  -0.219
1430  -0.210  -0.225
1431  -0.217  -0.233
1432  -0.228  -0.242
1433  -0.244  -0.253
1434  -0.262  -0.264
1435  -0.281  -0.276
1436  -0.298  -0.287
1437  -0.313  -0.297
1438  -0.322  -0.306
1439  -0.327  -0.315
1440  -0.328  -0.322
1441  -0.327  -0.328
1442  -0.327  -0.334
1443  -0.331  -0.340
1444  -0.339  -0.346
1445  -0.350  -0.352
1446  -0.363  -0.358
1447  -0.375  -0.364
1448  -0.383  -0.368
1449  -0.385  -0.372
1450  -0.383  -0.376
1451  -0.378  -0.379
1452  -0.373  -0.382
1453  -0.371  -0.386
1454  -0.374  -0.391
1455  -0.382  -0.397
1456  -0.396  -0.404
1457  -0.413  -0.411
1458  -0.430  -0.417
1459  -0.443  -0.422
1460  -0.450  -0.425
1461  -0.450  -0.426
1462  -0.444  -0.424
1463  -0.433  -0.421
1464  -0.420  -0.417
1465  -0.407  -0.411
1466  -0.397  -0.405
1467  -0.389  -0.400
1468  -0.385  -0.395
1469  -0.383  -0.392
1470  -0.384  -0.389
1471  -0.384  -0.387
1472  -0.384  -0.385
1473  -0.384  -0.384
1474  -0.383  -0.383
1475  -0.382  -0.383
1476  -0.381  -0.382
1477  -0.382  -0.381
1478  -0.384  -0.380
1479  -0.385  -0.377
1480  -0.385  -0.374
1481  -0.383  -0.369
1482  -0.377  -0.363
1483  -0.366  -0.357
1484  -0.352  -0.350
1485  -0.337  -0.344
1486  -0.322  -0.338
1487  -0.312  -0.335
1488  -0.307  -0.333
1489  -0.309  -0.333
1490  -0.318  -0.336
1491  -0.332  -0.340
1492  -0.348  -0.345
1493  -0.363  -0.350
1494  -0.374  -0.354
1495  -0.379  -0.356
1496  -0.377  -0.357
1497  -0.370  -0.357
1498  -0.359  -0.355
1499  -0.348  -0.352
1500  -0.339  -0.350
1501  -0.335  -0.348
1502  -0.334  -0.346
1503  -0.337  -0.345
1504  -0.343  -0.345
1505  -0.348  -0.346
1506  -0.352  -0.346
1507  -0.354  -0.346
1508  -0.353  -0.346
1509  -0.350  -0.346
1510  -0.347  -0.345
1511  -0.342  -0.345
1512  -0.339  -0.345
1513  -0.336  -0.346
1514  -0.335  -0.347
1515  -0.337  -0.350
1516  -0.342  -0.355
1517  -0.351  -0.360
1518  -0.363  -0.365
1519  -0.376  -0.370
1520  -0.389  -0.375
1521  -0.398  -0.378
1522  -0.401  -0.379
1523  -0.398  -0.379
1524  -0.389  -0.377
1525  -0.377  -0.373
1526  -0.366  -0.369
1527  -0.357  -0.363
1528  -0.353  -0.357
1529  -0.353  -0.350
1530  -0.353  -0.343
1531  -0.351  -0.335
1532  -0.343  -0.326
1533  -0.327  -0.317
1534  -0.306  -0.308
1535  -0.282  -0.301
1536  -0.262  -0.296
1537  -0.250  -0.294
1538  -0.251  -0.296
1539  -0.265  -0.302
1540  -0.290  -0.310
1541  -0.320  -0.320
1542  -0.351  -0.329
1543  -0.374  -0.337
1544  -0.388  -0.342
1545  -0.389  -0.344
1546  -0.378  -0.341
1547  -0.358  -0.334
1548  -0.334  -0.325
1549  -0.309  -0.314
1550  -0.287  -0.303
1551  -0.269  -0.294
1552  -0.259  -0.285
1553  -0.255  -0.280
1554  -0.257  -0.276
1555  -0.263  -0.274
1556  -0.271  -0.274
1557  -0.280  -0.275
1558  -0.287  -0.275
1559  -0.290  -0.275
1560  -0.288  -0.273
1561  -0.282  -0.271
1562  -0.273  -0.268
1563  -0.263  -0.265
1564  -0.253  -0.263
1565  -0.246  -0.261
1566  -0.243  -0.260
1567  -0.245  -0.262
1568  -0.250  -0.265
1569  -0.257  -0.271
1570  -0.266  -0.279
1571  -0.276  -0.289
1572  -0.288  -0.301
1573  -0.303  -0.314
1574  -0.321  -0.329
1575  -0.343  -0.343
1576  -0.366  -0.356
1577  -0.389  -0.369
1578  -0.408  -0.378
1579  -0.418  -0.386
1580  -0.420  -0.390
1581  -0.412  -0.392
1582  -0.399  -0.393
1583  -0.383  -0.393
1584  -0.372  -0.393
1585  -0.368  -0.393
1586  -0.374  -0.395
1587  -0.388  -0.397
1588  -0.406  -0.399
1589  -0.423  -0.401
1590  -0.432  -0.401
1591  -0.431  -0.400
1592  -0.419  -0.397
1593  -0.399  -0.393
1594  -0.377  -0.389
1595  -0.359  -0.386
1596  -0.350  -0.384
1597  -0.353  -0.384
1598  -0.366  -0.386
1599  -0.385  -0.389
1600  -0.405  -0.392
1601  -0.419  -0.396
1602  -0.425  -0.398
1603  -0.421  -0.398
1604  -0.410  -0.397
1605  -0.397  -0.395
1606  -0.384  -0.393
1607  -0.376  -0.390
1608  -0.374  -0.387
1609  -0.377  -0.385
1610  -0.382  -0.384
1611  -0.387  -0.383
1612  -0.388  -0.382
1613  -0.385  -0.382
1614  -0.380  -0.382
1615  -0.374  -0.383
1616  -0.371  -0.384
1617  -0.374  -0.386
1618  -0.382  -0.388
1619  -0.393  -0.390
1620  -0.405  -0.392
1621  -0.413  -0.392
1622  -0.414  -0.391
1623  -0.407  -0.389
1624  -0.395  -0.386
1625  -0.379  -0.382
1626  -0.365  -0.377
1627  -0.356  -0.373
1628  -0.354  -0.370
1629  -0.358  -0.368
1630  -0.365  -0.366
1631  -0.372  -0.365
1632  -0.374  -0.364
1633  -0.370  -0.364
1634  -0.361  -0.365
1635  -0.351  -0.368
1636  -0.344  -0.373
1637  -0.345  -0.380
1638  -0.357  -0.389
1639  -0.380  -0.401
1640  -0.411  -0.413
1641  -0.444  -0.425
1642  -0.472  -0.434
1643  -0.489  -0.441
1644  -0.492  -0.444
1645  -0.481  -0.443
1646  -0.459  -0.439
1647  -0.433  -0.433
1648  -0.409  -0.426
1649  -0.393  -0.419
1650  -0.386  -0.413
1651  -0.389  -0.408
1652  -0.398  -0.403
1653  -0.409  -0.400
1654  -0.416  -0.395
1655  -0.415  -0.390
1656  -0.406  -0.384
1657  -0.388  -0.377
1658  -0.367  -0.369
1659  -0.346  -0.362
1660  -0.330  -0.357
1661  -0.322  -0.353
1662  -0.324  -0.351
1663  -0.333  -0.353
1664  -0.346  -0.356
1665  -0.360  -0.360
1666  -0.373  -0.366
1667  -0.381  -0.372
1668  -0.385  -0.379
1669  -0.387  -0.385
1670  -0.388  -0.392
1671  -0.391  -0.398
1672  -0.398  -0.404
1673  -0.408  -0.409
1674  -0.420  -0.414
1675  -0.432  -0.418
1676  -0.440  -0.420
1677  -0.442  -0.421
1678  -0.439  -0.419
1679  -0.430  -0.416
1680  -0.418  -0.411
1681  -0.405  -0.405
1682  -0.393  -0.398
1683  -0.385  -0.391
1684  -0.379  -0.384
1685  -0.374  -0.377
1686  -0.370  -0.371
1687  -0.365  -0.365
1688  -0.358  -0.360
1689  -0.351  -0.356
1690  -0.344  -0.352
1691  -0.339  -0.350
1692  -0.337  -0.349
1693  -0.338  -0.349
1694  -0.342  -0.350
1695  -0.347  -0.352
1696  -0.352  -0.355
1697  -0.357  -0.359
1698  -0.361  -0.364
1699  -0.366  -0.369
1700  -0.372  -0.375
1701  -0.379  -0.380
1702  -0.388  -0.384
1703  -0.397  -0.388
1704  -0.405  -0.391
1705  -0.410  -0.391
1706  -0.410  -0.390
1707  -0.405  -0.387
1708  -0.395  -0.383
1709  -0.383  -0.376
1710  -0.370  -0.369
1711  -0.357  -0.360
1712  -0.347  -0.352
1713  -0.339  -0.343
1714  -0.333  -0.334
1715  -0.328  -0.325
1716  -0.321  -0.316
1717  -0.314  -0.306
1718  -0.303  -0.296
1719  -0.291  -0.285
1720  -0.276  -0.275
1721  -0.261  -0.265
1722  -0.245  -0.255
1723  -0.232  -0.248
1724  -0.221  -0.242
1725  -0.214  -0.239
1726  -0.213  -0.238
1727  -0.217  -0.240
1728  -0.227  -0.245
1729  -0.242  -0.251
1730  -0.259  -0.259
1731  -0.276  -0.266
1732  -0.291  -0.272
1733  -0.300  -0.277
1734  -0.304  -0.279
1735  -0.301  -0.280
1736  -0.293  -0.278
1737  -0.281  -0.275
1738  -0.269  -0.270
1739  -0.258  -0.266
1740  -0.250  -0.261
1741  -0.246  -0.257
1742  -0.245  -0.254
1743  -0.246  -0.252
1744  -0.247  -0.252
1745  -0.249  -0.251
1746  -0.250  -0.252
1747  -0.250  -0.254
1748  -0.252  -0.255
1749  -0.254  -0.258
1750  -0.258  -0.260
1751  -0.264  -0.261
1752  -0.269  -0.263
1753  -0.274  -0.263
1754  -0.276  -0.262
1755  -0.274  -0.260
1756  -0.269  -0.257
1757  -0.261  -0.252
1758  -0.250  -0.247
1759  -0.239  -0.241
1760  -0.229  -0.236
1761  -0.221  -0.231
1762  -0.214  -0.227
1763  -0.210  -0.225
1764  -0.209  -0.225
1765  -0.212  -0.226
1766  -0.217  -0.229
1767  -0.226  -0.233
1768  -0.237  -0.237
1769  -0.249  -0.242
1770  -0.259  -0.245
1771  -0.266  -0.248
1772  -0.267  -0.249
1773  -0.263  -0.249
1774  -0.255  -0.247
1775  -0.244  -0.245
1776  -0.235  -0.243
1777  -0.228  -0.241
1778  -0.227  -0.239
1779  -0.230  -0.237
1780  -0.236  -0.236
1781  -0.242  -0.235
1782  -0.244  -0.234
1783  -0.243  -0.233
1784  -0.237  -0.232
1785  -0.229  -0.231
1786  -0.221  -0.230
1787  -0.217  -0.229
1788  -0.217  -0.229
1789  -0.221  -0.230
1790  -0.229  -0.231
1791  -0.236  -0.233
1792  -0.242  -0.234
1793  -0.244  -0.236
1794  -0.243  -0.237
1795  -0.239  -0.238
1796  -0.235  -0.239
1797  -0.234  -0.240
1798  -0.235  -0.241
1799  -0.239  -0.242
1800  -0.244  -0.244
1801  -0.248  -0.246
1802  -0.249  -0.250
1803  -0.249  -0.254
1804  -0.247  -0.260
1805  -0.247  -0.268
1806  -0.252  -0.278
1807  -0.264  -0.290
1808  -0.284  -0.304
1809  -0.311  -0.319
1810  -0.340  -0.334
1811  -0.368  -0.350
1812  -0.390  -0.363
1813  -0.404  -0.375
1814  -0.410  -0.384
1815  -0.408  -0.391
1816  -0.403  -0.395
1817  -0.399  -0.398
1818  -0.398  -0.399
1819  -0.400  -0.398
1820  -0.405  -0.396
1821  -0.408  -0.392
1822  -0.407  -0.386
1823  -0.400  -0.379
1824  -0.385  -0.371
1825  -0.365  -0.362
1826  -0.343  -0.353
1827  -0.323  -0.346
1828  -0.309  -0.341
1829  -0.305  -0.339
1830  -0.309  -0.339
1831  -0.322  -0.343
1832  -0.339  -0.349
1833  -0.357  -0.356
1834  -0.373  -0.365
1835  -0.385  -0.374
1836  -0.392  -0.382
1837  -0.397  -0.389
1838  -0.400  -0.395
1839  -0.404  -0.400
1840  -0.410  -0.404
1841  -0.417  -0.405
1842  -0.422  -0.404
1843  -0.425  -0.401
1844  -0.421  -0.395
1845  -0.411  -0.387
1846  -0.394  -0.377
1847  -0.372  -0.365
1848  -0.347  -0.353
1849  -0.324  -0.342
1850  -0.306  -0.332
1851  -0.294  -0.324
1852  -0.291  -0.319
1853  -0.294  -0.317
1854  -0.303  -0.317
1855  -0.315  -0.319
1856  -0.327  -0.321
1857  -0.336  -0.324
1858  -0.341  -0.326
1859  -0.341  -0.327
1860  -0.338  -0.326
1861  -0.332  -0.325
1862  -0.324  -0.323
1863  -0.317  -0.321
1864  -0.312  -0.318
1865  -0.310  -0.314
1866  -0.310  -0.310
1867  -0.312  -0.306
1868  -0.313  -0.301
1869  -0.311  -0.295
1870  -0.304  -0.288
1871  -0.292  -0.280
1872  -0.275  -0.272
1873  -0.254  -0.265
1874  -0.235  -0.259
1875  -0.221  -0.256
1876  -0.216  -0.257
1877  -0.223  -0.260
1878  -0.240  -0.267
1879  -0.266  -0.275
1880  -0.294  -0.284
1881  -0.319  -0.293
1882  -0.335  -0.300
1883  -0.341  -0.305
1884  -0.336  -0.307
1885  -0.323  -0.306
1886  -0.307  -0.304
1887  -0.293  -0.300
1888  -0.283  -0.295
1889  -0.280  -0.289
1890  -0.281  -0.283
1891  -0.284  -0.277
1892  -0.285  -0.271
1893  -0.280  -0.264
1894  -0.268  -0.256
1895  -0.250  -0.248
1896  -0.231  -0.241
1897  -0.214  -0.235
1898  -0.204  -0.231
1899  -0.203  -0.228
1900  -0.210  -0.227
1901  -0.223  -0.228
1902  -0.236  -0.229
1903  -0.246  -0.230
1904  -0.249  -0.232
1905  -0.245  -0.233
1906  -0.236  -0.233
1907  -0.224  -0.234
1908  -0.216  -0.236
1909  -0.215  -0.239
1910  -0.222  -0.243
1911  -0.237  -0.248
1912  -0.256  -0.254
1913  -0.276  -0.258
1914  -0.290  -0.261
1915  -0.297  -0.262
1916  -0.293  -0.260
1917  -0.281  -0.255
1918  -0.261  -0.247
1919  -0.239  -0.238
1920  -0.219  -0.228
1921  -0.201  -0.219
1922  -0.190  -0.210
1923  -0.184  -0.203
1924  -0.183  -0.197
1925  -0.185  -0.193
1926  -0.188  -0.190
1927  -0.191  -0.187
1928  -0.193  -0.183
1929  -0.193  -0.178
1930  -0.189  -0.172
1931  -0.183  -0.164
1932  -0.172  -0.154
1933  -0.158  -0.142
1934  -0.139  -0.128
1935  -0.117  -0.114
1936  -0.094  -0.100
1937  -0.070  -0.087
1938  -0.050  -0.076
1939  -0.035  -0.068
1940  -0.028  -0.064
1941  -0.030  -0.064
1942  -0.039  -0.066
1943  -0.055  -0.072
1944  -0.075  -0.079
1945  -0.097  -0.087
1946  -0.115  -0.093
1947  -0.129  -0.098
1948  -0.134  -0.100
1949  -0.131  -0.099
1950  -0.120  -0.096
1951  -0.103  -0.089
1952  -0.082  -0.082
1953  -0.062  -0.074
1954  -0.046  -0.067
1955  -0.036  -0.060
1956  -0.033  -0.056
1957  -0.037  -0.053
1958  -0.046  -0.051
1959  -0.056  -0.050
1960  -0.063  -0.049
1961  -0.066  -0.047
1962  -0.063  -0.045
1963  -0.054  -0.041
1964  -0.040  -0.037
1965  -0.025  -0.032
1966  -0.012  -0.029
1967  -0.004  -0.026
1968  -0.003  -0.024
1969  -0.009  -0.024
1970  -0.020  -0.025
1971  -0.032  -0.025
1972  -0.044  -0.025
1973  -0.050  -0.023
1974  -0.050  -0.018
1975  -0.041  -0.011
1976  -0.023  -0.001
1977   0.000   0.011
1978   0.027   0.023
1979   0.054   0.036
1980   0.080   0.047
