1600  -0.463  -0.461
1601  -0.461  -0.460
1602  -0.459  -0.459
1603  -0.457  -0.458
1604  -0.457  -0.457
1605  -0.456  -0.455
1606  -0.455  -0.453
1607  -0.454  -0.452
1608  -0.453  -0.450
1609  -0.449  -0.447
1610  -0.446  -0.445
1611  -0.443  -0.442
1612  -0.440  -0.440
1613  -0.436  -0.437
1614  -0.433  -0.434
1615  -0.429  -0.432
1616  -0.426  -0.430
1617  -0.424  -0.429
1618  -0.424  -0.428
1619  -0.425  -0.428
1620  -0.425  -0.428
1621  -0.426  -0.428
1622  -0.427  -0.429
1623  -0.429  -0.430
1624  -0.431  -0.431
1625  -0.432  -0.433
1626  -0.434  -0.434
1627  -0.436  -0.436
1628  -0.438  -0.437
1629  -0.439  -0.438
1630  -0.441  -0.439
1631  -0.442  -0.440
1632  -0.443  -0.441
1633  -0.443  -0.441
1634  -0.444  -0.442
1635  -0.444  -0.441
1636  -0.443  -0.441
1637  -0.442  -0.440
1638  -0.441  -0.439
1639  -0.439  -0.437
1640  -0.438  -0.436
1641  -0.435  -0.434
1642  -0.432  -0.432
1643  -0.430  -0.429
1644  -0.427  -0.427
1645  -0.425  -0.425
1646  -0.422  -0.423
1647  -0.420  -0.420
1648  -0.417  -0.418
1649  -0.415  -0.416
1650  -0.413  -0.414
1651  -0.411  -0.413
1652  -0.409  -0.412
1653  -0.407  -0.411
1654  -0.407  -0.411
1655  -0.408  -0.411
1656  -0.409  -0.411
1657  -0.410  -0.412
1658  -0.411  -0.413
1659  -0.413  -0.414
1660  -0.415  -0.415
1661  -0.418  -0.416
1662  -0.420  -0.417
1663  -0.421  -0.417
1664  -0.420  -0.417
1665  -0.419  -0.417
1666  -0.418  -0.417
1667  -0.417  -0.416
1668  -0.416  -0.416
1669  -0.414  -0.415
1670  -0.413  -0.414
1671  -0.412  -0.413
1672  -0.411  -0.413
1673  -0.411  -0.413
1674  -0.412  -0.412
1675  -0.412  -0.412
1676  -0.413  -0.412
1677  -0.413  -0.412
1678  -0.412  -0.412
1679  -0.412  -0.412
1680  -0.411  -0.413
1681  -0.411  -0.413
1682  -0.412  -0.414
1683  -0.413  -0.414
1684  -0.414  -0.415
1685  -0.416  -0.416
1686  -0.417  -0.417
1687  -0.418  -0.418
1688  -0.419  -0.419
1689  -0.420  -0.421
1690  -0.421  -0.422
1691  -0.423  -0.424
1692  -0.425  -0.426
1693  -0.427  -0.428
1694  -0.428  -0.430
1695  -0.431  -0.432
1696  -0.433  -0.434
1697  -0.436  -0.437
1698  -0.439  -0.439
1699  -0.442  -0.442
1700  -0.445  -0.445
1701  -0.448  -0.448
1702  -0.451  -0.450
1703  -0.454  -0.453
1704  -0.457  -0.455
1705  -0.459  -0.458
1706  -0.460  -0.460
1707  -0.462  -0.462
1708  -0.463  -0.465
1709  -0.466  -0.467
1710  -0.469  -0.469
1711  -0.473  -0.471
1712  -0.476  -0.473
1713  -0.480  -0.474
1714  -0.480  -0.474
1715  -0.478  -0.475
1716  -0.477  -0.474
1717  -0.476  -0.473
1718  -0.474  -0.472
1719  -0.472  -0.471
1720  -0.469  -0.469
1721  -0.467  -0.468
1722  -0.464  -0.466
1723  -0.463  -0.465
1724  -0.463  -0.464
1725  -0.462  -0.463
1726  -0.461  -0.462
1727  -0.461  -0.461
1728  -0.460  -0.460
1729  -0.459  -0.458
1730  -0.458  -0.457
1731  -0.458  -0.456
1732  -0.456  -0.454
1733  -0.454  -0.453
1734  -0.452  -0.451
1735  -0.450  -0.449
1736  -0.448  -0.447
1737  -0.445  -0.444
1738  -0.442  -0.442
1739  -0.439  -0.440
1740  -0.436  -0.437
1741  -0.434  -0.435
1742  -0.432  -0.433
1743  -0.430  -0.431
1744  -0.428  -0.429
1745  -0.426  -0.427
1746  -0.425  -0.426
1747  -0.423  -0.424
1748  -0.422  -0.423
1749  -0.420  -0.422
1750  -0.419  -0.421
1751  -0.419  -0.420
1752  -0.419  -0.419
1753  -0.418  -0.419
1754  -0.418  -0.419
1755  -0.418  -0.418
1756  -0.418  -0.418
1757  -0.418  -0.418
1758  -0.418  -0.419
1759  -0.418  -0.419
1760  -0.418  -0.419
1761  -0.419  -0.420
1762  -0.419  -0.420
1763  -0.420  -0.421
1764  -0.420  -0.422
1765  -0.422  -0.423
1766  -0.423  -0.425
1767  -0.425  -0.427
1768  -0.426  -0.429
1769  -0.429  -0.431
1770  -0.433  -0.433
1771  -0.436  -0.436
1772  -0.440  -0.438
1773  -0.444  -0.440
1774  -0.445  -0.442
1775  -0.446  -0.444
1776  -0.447  -0.445
1777  -0.448  -0.446
1778  -0.448  -0.446
1779  -0.448  -0.447
1780  -0.448  -0.447
1781  -0.447  -0.447
1782  -0.447  -0.447
1783  -0.447  -0.448
1784  -0.447  -0.448
1785  -0.447  -0.448
1786  -0.447  -0.449
1787  -0.448  -0.449
1788  -0.449  -0.450
1789  -0.450  -0.452
1790  -0.451  -0.453
1791  -0.452  -0.455
1792  -0.455  -0.457
1793  -0.458  -0.459
1794  -0.461  -0.461
1795  -0.464  -0.463
1796  -0.467  -0.465
1797  -0.468  -0.467
1798  -0.470  -0.469
1799  -0.471  -0.471
1800  -0.473  -0.473
1801  -0.474  -0.474
1802  -0.476  -0.476
1803  -0.477  -0.478
1804  -0.479  -0.479
1805  -0.480  -0.481
1806  -0.482  -0.483
1807  -0.485  -0.485
1808  -0.487  -0.487
1809  -0.489  -0.489
1810  -0.491  -0.491
1811  -0.493  -0.492
1812  -0.495  -0.494
1813  -0.497  -0.495
1814  -0.500  -0.496
1815  -0.500  -0.497
1816  -0.500  -0.498
1817  -0.500  -0.498
1818  -0.499  -0.498
1819  -0.499  -0.497
1820  -0.498  -0.496
1821  -0.496  -0.496
1822  -0.494  -0.495
1823  -0.493  -0.494
1824  -0.491  -0.493
1825  -0.491  -0.493
1826  -0.491  -0.493
1827  -0.490  -0.493
1828  -0.490  -0.493
1829  -0.492  -0.494
1830  -0.494  -0.494
1831  -0.496  -0.495
1832  -0.498  -0.496
1833  -0.500  -0.496
1834  -0.500  -0.497
1835  -0.499  -0.497
1836  -0.498  -0.496
1837  -0.496  -0.496
1838  -0.494  -0.496
1839  -0.493  -0.496
1840  -0.492  -0.496
1841  -0.492  -0.497
1842  -0.493  -0.498
1843  -0.496  -0.500
1844  -0.499  -0.502
1845  -0.503  -0.505
1846  -0.507  -0.509
1847  -0.510  -0.512
1848  -0.513  -0.516
1849  -0.520  -0.520
1850  -0.526  -0.524
1851  -0.531  -0.528
1852  -0.534  -0.531
1853  -0.537  -0.534
1854  -0.540  -0.536
1855  -0.544  -0.537
1856  -0.547  -0.538
1857  -0.546  -0.537
1858  -0.544  -0.536
1859  -0.541  -0.534
1860  -0.534  -0.530
1861  -0.528  -0.526
1862  -0.523  -0.522
1863  -0.518  -0.517
1864  -0.512  -0.512
1865  -0.507  -0.506
1866  -0.501  -0.500
1867  -0.495  -0.495
1868  -0.490  -0.489
1869  -0.484  -0.483
1870  -0.478  -0.476
1871  -0.471  -0.470
1872  -0.465  -0.463
1873  -0.458  -0.457
1874  -0.450  -0.450
1875  -0.441  -0.444
1876  -0.434  -0.438
1877  -0.428  -0.432
1878  -0.423  -0.426
1879  -0.419  -0.421
1880  -0.415  -0.416
1881  -0.411  -0.412
1882  -0.405  -0.408
1883  -0.401  -0.404
1884  -0.398  -0.401
1885  -0.394  -0.398
1886  -0.391  -0.397
1887  -0.388  -0.395
1888  -0.391  -0.395
1889  -0.394  -0.395
1890  -0.390  -0.397
1891  -0.390  -0.398
1892  -0.393  -0.401
1893  -0.401  -0.404
1894  -0.409  -0.408
1895  -0.415  -0.411
1896  -0.419  -0.415
1897  -0.422  -0.418
1898  -0.425  -0.421
1899  -0.427  -0.423
1900  -0.428  -0.424
1901  -0.430  -0.425
1902  -0.430  -0.424
1903  -0.430  -0.423
1904  -0.428  -0.421
1905  -0.425  -0.418
1906  -0.421  -0.413
1907  -0.416  -0.408
1908  -0.409  -0.401
1909  -0.401  -0.393
1910  -0.392  -0.384
1911  -0.381  -0.374
1912  -0.370  -0.363
1913  -0.357  -0.350
1914  -0.344  -0.336
1915  -0.329  -0.321
1916  -0.312  -0.305
1917  -0.295  -0.288
1918  -0.275  -0.271
1919  -0.255  -0.253
1920  -0.235  -0.234
1921  -0.214  -0.215
1922  -0.194  -0.197
1923  -0.175  -0.178
1924  -0.156  -0.160
1925  -0.139  -0.141
1926  -0.122  -0.123
1927  -0.105  -0.105
1928  -0.089  -0.087
1929  -0.072  -0.069
1930  -0.055  -0.050
1931  -0.037  -0.031
1932  -0.017  -0.011
1933   0.002   0.008
1934   0.023   0.028
1935   0.055   0.046
1936   0.086   0.063
1937   0.105   0.078
1938   0.117   0.090
1939   0.124   0.099
1940   0.126   0.105
1941   0.125   0.108
1942   0.122   0.108
1943   0.116   0.107
1944   0.109   0.103
1945   0.102   0.098
1946   0.094   0.092
1947   0.087   0.086
1948   0.080   0.079
1949   0.072   0.072
1950   0.065   0.065
1951   0.057   0.059
1952   0.049   0.052
1953   0.042   0.046
1954   0.037   0.040
1955   0.032   0.034
1956   0.028   0.029
1957   0.024   0.023
1958   0.019   0.018
1959   0.015   0.013
1960   0.009   0.008
1961   0.003   0.002
1962  -0.003  -0.003
1963  -0.010  -0.008
1964  -0.016  -0.013
1965  -0.022  -0.017
1966  -0.027  -0.020
1967  -0.031  -0.023
1968  -0.033  -0.025
1969  -0.033  -0.025
1970  -0.032  -0.025
1971  -0.030  -0.023
1972  -0.027  -0.020
1973  -0.022  -0.016
1974  -0.016  -0.012
1975  -0.010  -0.006
1976  -0.004   0.000
1977   0.002   0.007
1978   0.010   0.016
1979   0.018   0.025
1980   0.028   0.035
1981   0.039   0.047
1982   0.050   0.060
1983   0.063   0.074
1984   0.077   0.090
1985   0.095   0.107
1986   0.114   0.125
1987   0.138   0.143
1988   0.166   0.161
1989   0.195   0.177
1990   0.233   0.192
